triangle
-0.553945 -0.207878 -0.264806 0.293804 -0.854075 -0.429226 -0.601505 0.183793 -0.777440 -0.742881 -0.486597 0.459731
-0.555150 -0.218597 -0.244414 0.293804 -0.854075 -0.429226 -0.601505 0.183793 -0.777440 -0.742881 -0.486597 0.459731
-0.556474 -0.218906 -0.244592 0.293804 -0.854075 -0.429226 -0.601505 0.183793 -0.777440 -0.742881 -0.486597 0.459731
triangle
-0.553945 -0.207878 -0.264806 0.293804 -0.854075 -0.429226 -0.601505 0.183793 -0.777440 -0.742881 -0.486597 0.459731
-0.556474 -0.218906 -0.244592 0.293804 -0.854075 -0.429226 -0.601505 0.183793 -0.777440 -0.742881 -0.486597 0.459731
-0.555235 -0.208266 -0.265030 0.293804 -0.854075 -0.429226 -0.601505 0.183793 -0.777440 -0.742881 -0.486597 0.459731
triangle
-0.556474 -0.218906 -0.244592 -0.936149 -0.304501 -0.175796 -0.236062 0.173776 0.956074 -0.260576 0.936526 -0.234561
-0.562170 -0.203784 -0.235861 -0.936149 -0.304501 -0.175796 -0.236062 0.173776 0.956074 -0.260576 0.936526 -0.234561
-0.563375 -0.191484 -0.255341 -0.936149 -0.304501 -0.175796 -0.236062 0.173776 0.956074 -0.260576 0.936526 -0.234561
triangle
-0.556474 -0.218906 -0.244592 -0.936149 -0.304501 -0.175796 -0.236062 0.173776 0.956074 -0.260576 0.936526 -0.234561
-0.563375 -0.191484 -0.255341 -0.936149 -0.304501 -0.175796 -0.236062 0.173776 0.956074 -0.260576 0.936526 -0.234561
-0.555235 -0.208266 -0.265030 -0.936149 -0.304501 -0.175796 -0.236062 0.173776 0.956074 -0.260576 0.936526 -0.234561
triangle
-0.560846 -0.203475 -0.235683 0.936148 0.304496 0.175807 0.235781 -0.172731 -0.956332 0.260832 -0.936721 0.233497
-0.555150 -0.218597 -0.244414 0.936148 0.304496 0.175807 0.235781 -0.172731 -0.956332 0.260832 -0.936721 0.233497
-0.553945 -0.207878 -0.264806 0.936148 0.304496 0.175807 0.235781 -0.172731 -0.956332 0.260832 -0.936721 0.233497
triangle
-0.560846 -0.203475 -0.235683 0.936148 0.304496 0.175807 0.235781 -0.172731 -0.956332 0.260832 -0.936721 0.233497
-0.553945 -0.207878 -0.264806 0.936148 0.304496 0.175807 0.235781 -0.172731 -0.956332 0.260832 -0.936721 0.233497
-0.562086 -0.191096 -0.255117 0.936148 0.304496 0.175807 0.235781 -0.172731 -0.956332 0.260832 -0.936721 0.233497
triangle
-0.562170 -0.203784 -0.235861 -0.293793 0.798761 0.525039 0.645622 -0.239231 0.725218 0.704881 0.552041 -0.445413
-0.560846 -0.203475 -0.235683 -0.293793 0.798761 0.525039 0.645622 -0.239231 0.725218 0.704881 0.552041 -0.445413
-0.562086 -0.191096 -0.255117 -0.293793 0.798761 0.525039 0.645622 -0.239231 0.725218 0.704881 0.552041 -0.445413
triangle
-0.562170 -0.203784 -0.235861 -0.293793 0.798761 0.525039 0.645622 -0.239231 0.725218 0.704881 0.552041 -0.445413
-0.562086 -0.191096 -0.255117 -0.293793 0.798761 0.525039 0.645622 -0.239231 0.725218 0.704881 0.552041 -0.445413
-0.563375 -0.191484 -0.255341 -0.293793 0.798761 0.525039 0.645622 -0.239231 0.725218 0.704881 0.552041 -0.445413
triangle
-0.556474 -0.018046 -0.344093 -0.936149 0.000006 0.351603 -0.278122 -0.611815 -0.740493 -0.215112 0.791001 -0.572752
-0.562170 -0.018046 -0.361555 -0.936149 0.000006 0.351603 -0.278122 -0.611815 -0.740493 -0.215112 0.791001 -0.572752
-0.563375 -0.041066 -0.362468 -0.936149 0.000006 0.351603 -0.278122 -0.611815 -0.740493 -0.215112 0.791001 -0.572752
triangle
-0.556474 -0.018046 -0.344093 -0.936149 0.000006 0.351603 -0.278122 -0.611815 -0.740493 -0.215112 0.791001 -0.572752
-0.563375 -0.041066 -0.362468 -0.936149 0.000006 0.351603 -0.278122 -0.611815 -0.740493 -0.215112 0.791001 -0.572752
-0.555235 -0.041066 -0.343090 -0.936149 0.000006 0.351603 -0.278122 -0.611815 -0.740493 -0.215112 0.791001 -0.572752
triangle
-0.553945 -0.041066 -0.343537 0.293819 0.055317 0.954259 -0.746062 -0.610820 0.265123 -0.597546 0.789835 0.138201
-0.555150 -0.018046 -0.344450 0.293819 0.055317 0.954259 -0.746062 -0.610820 0.265123 -0.597546 0.789835 0.138201
-0.556474 -0.018046 -0.344093 0.293819 0.055317 0.954259 -0.746062 -0.610820 0.265123 -0.597546 0.789835 0.138201
triangle
-0.553945 -0.041066 -0.343537 0.293819 0.055317 0.954259 -0.746062 -0.610820 0.265123 -0.597546 0.789835 0.138201
-0.556474 -0.018046 -0.344093 0.293819 0.055317 0.954259 -0.746062 -0.610820 0.265123 -0.597546 0.789835 0.138201
-0.555235 -0.041066 -0.343090 0.293819 0.055317 0.954259 -0.746062 -0.610820 0.265123 -0.597546 0.789835 0.138201
triangle
-0.562170 -0.018046 -0.361555 -0.293803 0.055319 -0.954264 0.788539 0.578290 -0.209256 0.540265 -0.813954 -0.213525
-0.560846 -0.018046 -0.361912 -0.293803 0.055319 -0.954264 0.788539 0.578290 -0.209256 0.540265 -0.813954 -0.213525
-0.562086 -0.041066 -0.362915 -0.293803 0.055319 -0.954264 0.788539 0.578290 -0.209256 0.540265 -0.813954 -0.213525
triangle
-0.562170 -0.018046 -0.361555 -0.293803 0.055319 -0.954264 0.788539 0.578290 -0.209256 0.540265 -0.813954 -0.213525
-0.562086 -0.041066 -0.362915 -0.293803 0.055319 -0.954264 0.788539 0.578290 -0.209256 0.540265 -0.813954 -0.213525
-0.563375 -0.041066 -0.362468 -0.293803 0.055319 -0.954264 0.788539 0.578290 -0.209256 0.540265 -0.813954 -0.213525
triangle
-0.560846 -0.018046 -0.361912 0.936148 0.000005 -0.351605 -0.278486 -0.610456 -0.741478 -0.214643 0.792050 -0.571476
-0.555150 -0.018046 -0.344450 0.936148 0.000005 -0.351605 -0.278486 -0.610456 -0.741478 -0.214643 0.792050 -0.571476
-0.553945 -0.041066 -0.343537 0.936148 0.000005 -0.351605 -0.278486 -0.610456 -0.741478 -0.214643 0.792050 -0.571476
triangle
-0.560846 -0.018046 -0.361912 0.936148 0.000005 -0.351605 -0.278486 -0.610456 -0.741478 -0.214643 0.792050 -0.571476
-0.553945 -0.041066 -0.343537 0.936148 0.000005 -0.351605 -0.278486 -0.610456 -0.741478 -0.214643 0.792050 -0.571476
-0.562086 -0.041066 -0.362915 0.936148 0.000005 -0.351605 -0.278486 -0.610456 -0.741478 -0.214643 0.792050 -0.571476
triangle
-0.556474 -0.204646 -0.468293 -0.936149 0.304494 -0.175807 0.266906 0.940917 0.208413 0.228881 0.148182 -0.962110
-0.562170 -0.219769 -0.459562 -0.936149 0.304494 -0.175807 0.266906 0.940917 0.208413 0.228881 0.148182 -0.962110
-0.563375 -0.209049 -0.439170 -0.936149 0.304494 -0.175807 0.266906 0.940917 0.208413 0.228881 0.148182 -0.962110
triangle
-0.556474 -0.204646 -0.468293 -0.936149 0.304494 -0.175807 0.266906 0.940917 0.208413 0.228881 0.148182 -0.962110
-0.563375 -0.209049 -0.439170 -0.936149 0.304494 -0.175807 0.266906 0.940917 0.208413 0.228881 0.148182 -0.962110
-0.555235 -0.192267 -0.448859 -0.936149 0.304494 -0.175807 0.266906 0.940917 0.208413 0.228881 0.148182 -0.962110
triangle
-0.553945 -0.192655 -0.448635 0.293793 0.798761 -0.525039 0.641184 0.242692 0.728000 0.708921 -0.550528 -0.440852
-0.555150 -0.204955 -0.468114 0.293793 0.798761 -0.525039 0.641184 0.242692 0.728000 0.708921 -0.550528 -0.440852
-0.556474 -0.204646 -0.468293 0.293793 0.798761 -0.525039 0.641184 0.242692 0.728000 0.708921 -0.550528 -0.440852
triangle
-0.553945 -0.192655 -0.448635 0.293793 0.798761 -0.525039 0.641184 0.242692 0.728000 0.708921 -0.550528 -0.440852
-0.556474 -0.204646 -0.468293 0.293793 0.798761 -0.525039 0.641184 0.242692 0.728000 0.708921 -0.550528 -0.440852
-0.555235 -0.192267 -0.448859 0.293793 0.798761 -0.525039 0.641184 0.242692 0.728000 0.708921 -0.550528 -0.440852
triangle
-0.562170 -0.219769 -0.459562 -0.293788 -0.854079 0.429229 -0.594054 -0.188655 -0.781990 -0.748858 0.484725 0.451945
-0.560846 -0.220078 -0.459383 -0.293788 -0.854079 0.429229 -0.594054 -0.188655 -0.781990 -0.748858 0.484725 0.451945
-0.562086 -0.209437 -0.438946 -0.293788 -0.854079 0.429229 -0.594054 -0.188655 -0.781990 -0.748858 0.484725 0.451945
triangle
-0.562170 -0.219769 -0.459562 -0.293788 -0.854079 0.429229 -0.594054 -0.188655 -0.781990 -0.748858 0.484725 0.451945
-0.562086 -0.209437 -0.438946 -0.293788 -0.854079 0.429229 -0.594054 -0.188655 -0.781990 -0.748858 0.484725 0.451945
-0.563375 -0.209049 -0.439170 -0.293788 -0.854079 0.429229 -0.594054 -0.188655 -0.781990 -0.748858 0.484725 0.451945
triangle
-0.560846 -0.220078 -0.459383 0.936148 -0.304501 0.175798 -0.266002 -0.940318 -0.212237 -0.229933 -0.151923 0.961275
-0.555150 -0.204955 -0.468114 0.936148 -0.304501 0.175798 -0.266002 -0.940318 -0.212237 -0.229933 -0.151923 0.961275
-0.553945 -0.192655 -0.448635 0.936148 -0.304501 0.175798 -0.266002 -0.940318 -0.212237 -0.229933 -0.151923 0.961275
triangle
-0.560846 -0.220078 -0.459383 0.936148 -0.304501 0.175798 -0.266002 -0.940318 -0.212237 -0.229933 -0.151923 0.961275
-0.553945 -0.192655 -0.448635 0.936148 -0.304501 0.175798 -0.266002 -0.940318 -0.212237 -0.229933 -0.151923 0.961275
-0.562086 -0.209437 -0.438946 0.936148 -0.304501 0.175798 -0.266002 -0.940318 -0.212237 -0.229933 -0.151923 0.961275
triangle
-0.387907 -0.028940 0.066646 -0.285570 0.746196 0.597959 -0.803665 -0.527809 0.274845 -0.521764 0.402896 -0.751956
-0.391841 -0.025227 0.059933 -0.289138 0.813391 0.485316 -0.935457 -0.351941 0.032536 -0.199195 0.448930 -0.871082
-0.403800 -0.038799 0.073364 -0.226917 0.692652 0.675391 0.684455 0.611426 -0.397089 0.692368 -0.374533 0.616726
triangle
-0.387907 -0.028940 0.066646 -0.285570 0.746196 0.597959 -0.803665 -0.527809 0.274845 -0.521764 0.402896 -0.751956
-0.403800 -0.038799 0.073364 -0.226917 0.692652 0.675391 0.684455 0.611426 -0.397089 0.692368 -0.374533 0.616726
-0.395273 -0.038286 0.075544 -0.226917 0.692652 0.675391 0.720898 0.590276 -0.363155 0.654338 -0.407052 0.637299
triangle
0.509882 -0.116758 0.068418 0.110088 0.021790 0.993600 -0.993921 0.003212 0.110054 0.000793 0.999757 -0.022013
0.434531 -0.121014 0.075967 0.098110 0.006034 0.994916 -0.995163 -0.003932 0.098159 -0.004505 0.999974 -0.005620
0.510376 -0.119002 0.068426 0.127114 0.240257 0.813443 -0.988871 0.054575 0.138408 0.012989 0.958409 -0.285104
triangle
-0.039559 -0.021464 0.051901 0.014721 0.933165 0.359121 -0.998023 -0.008237 0.062314 -0.061108 0.359331 -0.931207
-0.027254 -0.015693 0.036481 0.024227 0.957935 0.244140 -0.998736 0.012875 0.048591 -0.043893 0.247771 -0.967824
-0.040552 -0.015693 0.036874 0.004438 0.976437 0.163433 -0.999514 -0.000676 0.031180 -0.030863 0.165138 -0.985787
triangle
-0.145096 -0.018718 -0.053251 0.015571 0.932516 -0.360793 -0.999784 0.019490 0.007226 -0.013771 -0.360602 -0.932618
-0.161889 -0.024362 -0.068536 0.016409 0.931985 -0.362121 -0.999835 0.018094 0.001262 -0.007729 -0.362041 -0.932130
-0.161932 -0.012194 -0.037163 0.018037 0.964618 -0.215393 -0.999526 0.012396 -0.028185 0.024802 -0.218301 -0.975566
triangle
-0.145096 -0.018718 -0.053251 0.015571 0.932516 -0.360793 -0.999784 0.019490 0.007226 -0.013771 -0.360602 -0.932618
-0.161932 -0.012194 -0.037163 0.018037 0.964618 -0.215393 -0.999526 0.012396 -0.028185 0.024802 -0.218301 -0.975566
-0.145118 -0.012484 -0.037144 0.016487 0.954155 -0.263180 -0.999830 0.018171 0.003244 -0.007957 -0.265760 -0.964006
triangle
0.509975 -0.116802 -0.067559 0.111210 0.021151 -0.993489 -0.993796 0.002858 -0.111184 -0.000488 -0.999772 -0.021339
0.433648 -0.121089 -0.075290 0.098343 0.005519 -0.994906 -0.995143 -0.003203 -0.098384 0.003731 -0.999980 -0.005179
0.433647 -0.100133 -0.074821 0.098404 0.147965 -0.975808 -0.995001 0.003550 -0.099801 0.011396 -0.988804 -0.148786
triangle
0.509975 -0.116802 -0.067559 0.111210 0.021151 -0.993489 -0.993796 0.002858 -0.111184 -0.000488 -0.999772 -0.021339
0.433647 -0.100133 -0.074821 0.098404 0.147965 -0.975808 -0.995001 0.003550 -0.099801 0.011396 -0.988804 -0.148786
0.509975 -0.104403 -0.067255 0.110282 0.044421 -0.974986 -0.993157 0.037398 -0.110633 -0.032119 -0.998277 -0.049115
triangle
-0.506201 -0.105658 -0.102186 -0.095261 0.563775 -0.717922 -0.992656 -0.113118 0.042886 0.062141 -0.780940 -0.621508
-0.507178 -0.105143 -0.101439 -0.118231 0.666721 -0.727096 -0.992756 -0.068074 0.099007 -0.016621 -0.738288 -0.674281
-0.507151 -0.100320 -0.096375 -0.121490 0.862454 -0.450660 -0.992271 -0.106497 0.063690 -0.007072 -0.463889 -0.885865
triangle
-0.506201 -0.105658 -0.102186 -0.095261 0.563775 -0.717922 -0.992656 -0.113118 0.042886 0.062141 -0.780940 -0.621508
-0.507151 -0.100320 -0.096375 -0.121490 0.862454 -0.450660 -0.992271 -0.106497 0.063690 -0.007072 -0.463889 -0.885865
-0.442272 -0.090085 -0.091506 -0.156341 0.729656 -0.617031 0.664644 -0.394284 -0.634656 -0.729506 -0.526013 -0.437186
triangle
-0.442272 -0.090085 -0.091506 -0.156341 0.729656 -0.617031 0.664644 -0.394284 -0.634656 -0.729506 -0.526013 -0.437186
-0.415621 -0.092173 -0.100261 -0.166382 0.718826 -0.595556 -0.936236 -0.325777 -0.131649 0.304421 -0.564942 -0.766922
-0.506201 -0.105658 -0.102186 -0.095261 0.563775 -0.717922 -0.992656 -0.113118 0.042886 0.062141 -0.780940 -0.621508
triangle
-0.391561 -0.024482 -0.058373 -0.266184 0.903286 -0.331676 -0.952391 -0.194424 0.234840 -0.147879 -0.379005 -0.913503
-0.391759 -0.025265 -0.060063 -0.286127 0.813232 -0.486894 0.945665 0.164976 -0.280178 0.149001 0.546016 0.824418
-0.392258 -0.025058 -0.059188 -0.289876 0.880891 -0.374171 0.669229 -0.092922 -0.737224 0.684182 0.464109 0.562581
triangle
-0.419585 -0.087446 -0.096939 -0.242470 0.603463 -0.694847 -0.834199 -0.525978 -0.165706 0.489085 -0.566829 -0.662949
-0.442272 -0.090085 -0.091506 -0.156341 0.729656 -0.617031 0.664644 -0.394284 -0.634656 -0.729506 -0.526013 -0.437186
-0.441712 -0.089442 -0.090893 -0.212856 0.829245 -0.505110 -0.878993 -0.391465 -0.272261 0.426048 -0.388355 -0.817106
triangle
-0.419585 -0.087446 -0.096939 -0.242470 0.603463 -0.694847 -0.834199 -0.525978 -0.165706 0.489085 -0.566829 -0.662949
-0.415621 -0.092173 -0.100261 -0.166382 0.718826 -0.595556 -0.936236 -0.325777 -0.131649 0.304421 -0.564942 -0.766922
-0.442272 -0.090085 -0.091506 -0.156341 0.729656 -0.617031 0.664644 -0.394284 -0.634656 -0.729506 -0.526013 -0.437186
triangle
-0.419717 -0.087384 0.096817 -0.287540 0.366645 0.884708 -0.894711 0.226795 -0.384780 -0.341756 -0.902281 0.262853
-0.419702 -0.082817 0.095004 -0.274049 0.342624 0.898391 0.338127 0.909042 -0.243542 -0.900298 0.237075 -0.365046
-0.440594 -0.089114 0.090748 -0.247905 0.452112 0.831511 -0.898592 -0.437768 -0.029880 -0.358236 0.771253 -0.526152
triangle
0.573000 -0.078310 0.047410 0.134246 0.797540 0.574144 -0.989924 0.134288 0.044925 0.041611 0.579119 -0.814180
0.573000 -0.084643 0.054120 0.127419 0.598432 0.776305 -0.990665 0.114038 0.074694 0.044342 0.787684 -0.614482
0.762868 -0.103131 0.034282 0.201512 0.772478 0.580362 -0.978538 0.180294 0.099790 0.027913 0.595765 -0.802673
triangle
0.762868 -0.103131 0.034282 0.201512 0.772478 0.580362 -0.978538 0.180294 0.099790 0.027913 0.595765 -0.802673
0.762868 -0.100883 0.030072 0.198523 0.897257 0.377881 -0.979466 0.194750 0.052147 0.026975 0.382918 -0.923388
0.573000 -0.078310 0.047410 0.134246 0.797540 0.574144 -0.989924 0.134288 0.044925 0.041611 0.579119 -0.814180
triangle
0.434529 -0.065321 0.057804 0.116581 0.757444 0.630338 -0.992437 0.113155 0.047579 0.035562 0.636022 -0.770851
0.432557 -0.065325 0.058193 0.114685 0.747185 0.642670 -0.992114 0.055704 0.112281 -0.048473 0.655592 -0.753558
0.432558 -0.074227 0.066189 0.113453 0.539276 0.820469 -0.992988 0.086789 0.080264 0.028252 0.833523 -0.551762
triangle
0.434529 -0.065321 0.057804 0.116581 0.757444 0.630338 -0.992437 0.113155 0.047579 0.035562 0.636022 -0.770851
0.432558 -0.074227 0.066189 0.113453 0.539276 0.820469 -0.992988 0.086789 0.080264 0.028252 0.833523 -0.551762
0.434530 -0.074359 0.066023 0.112394 0.551660 0.811750 -0.992871 0.093494 0.073934 0.035538 0.824266 -0.565087
triangle
0.285593 -0.065516 0.078275 0.091405 0.495976 0.851543 -0.995199 0.074565 0.063396 0.032387 0.862144 -0.505627
0.287567 -0.065626 0.078114 0.086934 0.498413 0.850388 -0.885852 0.434073 -0.163851 0.455575 0.746907 -0.484336
0.287568 -0.053702 0.068613 0.086603 0.709889 0.687603 -0.996179 0.060816 0.062680 -0.002700 0.695910 -0.718124
triangle
0.285593 -0.065516 0.078275 0.091405 0.495976 0.851543 -0.995199 0.074565 0.063396 0.032387 0.862144 -0.505627
0.287568 -0.053702 0.068613 0.086603 0.709889 0.687603 -0.996179 0.060816 0.062680 -0.002700 0.695910 -0.718124
0.285593 -0.053383 0.068507 0.092368 0.707404 0.689272 -0.995626 0.072050 0.059477 0.007649 0.697336 -0.716704
triangle
0.221252 -0.049438 0.073673 0.093278 0.706537 0.690475 -0.995545 0.062092 0.070955 -0.007316 0.699406 -0.714687
0.213401 -0.048084 0.073069 0.088424 0.708155 0.690009 -0.994756 0.028503 0.098224 -0.050258 0.700201 -0.712174
0.203404 -0.061364 0.085243 0.093819 0.493157 0.851586 -0.995483 0.049919 0.080764 0.002712 0.865235 -0.501360
triangle
0.221252 -0.049438 0.073673 0.093278 0.706537 0.690475 -0.995545 0.062092 0.070955 -0.007316 0.699406 -0.714687
0.203404 -0.061364 0.085243 0.093819 0.493157 0.851586 -0.995483 0.049919 0.080764 0.002712 0.865235 -0.501360
0.221252 -0.062140 0.083489 0.094848 0.493348 0.852142 -0.995350 0.056077 0.078322 0.009245 0.864942 -0.501788
triangle
0.762914 -0.103153 -0.033147 0.197570 0.730085 -0.613405 -0.979126 0.163385 -0.120900 -0.012275 -0.641276 -0.767212
0.573074 -0.084678 -0.053210 0.128969 0.636826 -0.725580 -0.991095 0.097992 -0.090158 -0.014051 -0.750265 -0.660989
0.762908 -0.100902 -0.028939 0.195112 0.874127 -0.410025 -0.979890 0.189725 -0.061812 -0.024122 -0.420128 -0.907144
triangle
0.573074 -0.084678 -0.053210 0.128969 0.636826 -0.725580 -0.991095 0.097992 -0.090158 -0.014051 -0.750265 -0.660989
0.573064 -0.078340 -0.046504 0.136146 0.810822 -0.541843 -0.989258 0.141445 -0.036904 -0.047446 -0.549474 -0.834162
0.762908 -0.100902 -0.028939 0.195112 0.874127 -0.410025 -0.979890 0.189725 -0.061812 -0.024122 -0.420128 -0.907144
triangle
0.433634 -0.074328 -0.065362 0.106561 0.540133 -0.820152 -0.993757 0.083223 -0.074309 -0.028466 -0.833114 -0.552368
0.286687 -0.065617 -0.077620 0.098855 0.504979 -0.844892 -0.994457 0.079447 -0.068870 -0.032698 -0.856220 -0.515575
0.286673 -0.053494 -0.067870 0.102982 0.715684 -0.679140 -0.993959 0.099897 -0.045447 -0.035603 -0.685208 -0.727477
triangle
0.433634 -0.074328 -0.065362 0.106561 0.540133 -0.820152 -0.993757 0.083223 -0.074309 -0.028466 -0.833114 -0.552368
0.286673 -0.053494 -0.067870 0.102982 0.715684 -0.679140 -0.993959 0.099897 -0.045447 -0.035603 -0.685208 -0.727477
0.433623 -0.065265 -0.057138 0.113118 0.747002 -0.642793 -0.992783 0.110745 -0.046010 -0.037115 -0.648571 -0.760248
triangle
0.221366 -0.062193 -0.082990 0.104259 0.485793 -0.856735 -0.994272 0.035785 -0.100706 0.018442 -0.870701 -0.491467
0.207070 -0.061572 -0.084411 0.111691 0.478537 -0.860597 -0.992627 0.015488 -0.120214 0.044599 -0.875551 -0.481063
0.215595 -0.049996 -0.074749 0.107868 0.693147 -0.699194 -0.993869 0.090272 -0.063838 -0.019051 -0.708571 -0.705382
triangle
0.221366 -0.062193 -0.082990 0.104259 0.485793 -0.856735 -0.994272 0.035785 -0.100706 0.018442 -0.870701 -0.491467
0.215595 -0.049996 -0.074749 0.107868 0.693147 -0.699194 -0.993869 0.090272 -0.063838 -0.019051 -0.708571 -0.705382
0.221352 -0.049485 -0.073182 0.103385 0.698838 -0.695212 -0.994409 0.085584 -0.061848 -0.016423 -0.703948 -0.710062
triangle
-0.040418 -0.054551 -0.098325 0.067758 0.524339 -0.835363 -0.992290 -0.051427 -0.112766 0.103264 -0.846199 -0.522765
-0.052725 -0.054552 -0.099333 0.067663 0.526166 -0.834167 -0.996967 0.005092 -0.077656 0.037036 -0.846571 -0.530986
-0.052741 -0.040233 -0.086863 0.047242 0.736928 -0.662778 -0.992586 -0.039692 -0.114883 0.111834 -0.668469 -0.735284
triangle
-0.040418 -0.054551 -0.098325 0.067758 0.524339 -0.835363 -0.992290 -0.051427 -0.112766 0.103264 -0.846199 -0.522765
-0.052741 -0.040233 -0.086863 0.047242 0.736928 -0.662778 -0.992586 -0.039692 -0.114883 0.111834 -0.668469 -0.735284
-0.040435 -0.040233 -0.085982 0.047369 0.735278 -0.664582 -0.987879 -0.064126 -0.141360 0.147701 -0.668408 -0.728982
triangle
-0.129212 -0.052412 -0.099935 0.007517 0.527443 -0.836401 -0.999646 0.025625 0.007175 -0.025502 -0.845480 -0.533397
-0.145032 -0.052217 -0.099953 0.007512 0.527094 -0.836631 -0.999962 0.007639 -0.004166 -0.004243 -0.846059 -0.533072
-0.145050 -0.037567 -0.087320 0.011148 0.735645 -0.665990 -0.999853 0.017012 0.002054 -0.012939 -0.670974 -0.741368
triangle
-0.129212 -0.052412 -0.099935 0.007517 0.527443 -0.836401 -0.999646 0.025625 0.007175 -0.025502 -0.845480 -0.533397
-0.145050 -0.037567 -0.087320 0.011148 0.735645 -0.665990 -0.999853 0.017012 0.002054 -0.012939 -0.670974 -0.741368
-0.129229 -0.037790 -0.087302 0.011153 0.735960 -0.665643 -0.999868 0.016195 0.001153 -0.011718 -0.670645 -0.741686
triangle
-0.395273 -0.038286 0.075544 -0.226917 0.692652 0.675391 0.720898 0.590276 -0.363155 0.654338 -0.407052 0.637299
-0.403800 -0.038799 0.073364 -0.226917 0.692652 0.675391 0.684455 0.611426 -0.397089 0.692368 -0.374533 0.616726
-0.414301 -0.051010 0.080169 -0.225962 0.570016 0.788045 0.583571 0.728202 -0.359398 0.779892 -0.379241 0.497940
triangle
-0.395273 -0.038286 0.075544 -0.226917 0.692652 0.675391 0.720898 0.590276 -0.363155 0.654338 -0.407052 0.637299
-0.414301 -0.051010 0.080169 -0.225962 0.570016 0.788045 0.583571 0.728202 -0.359398 0.779892 -0.379241 0.497940
-0.404283 -0.052520 0.084371 -0.225962 0.570016 0.788045 0.597360 0.721336 -0.350478 0.769382 -0.392142 0.504258
triangle
-0.251782 -0.035891 0.087469 -0.001189 0.721268 0.681061 -0.999927 -0.009104 0.007896 -0.011991 0.686491 -0.727040
-0.305702 -0.037437 0.089086 -0.001189 0.721268 0.681061 -0.999998 -0.001895 0.000261 -0.001491 0.686549 -0.727083
-0.307758 -0.050814 0.099684 -0.000389 0.524611 0.841413 -0.999980 -0.005544 0.002995 -0.006289 0.848556 -0.529067
triangle
-0.251782 -0.035891 0.087469 -0.001189 0.721268 0.681061 -0.999927 -0.009104 0.007896 -0.011991 0.686491 -0.727040
-0.307758 -0.050814 0.099684 -0.000389 0.524611 0.841413 -0.999980 -0.005544 0.002995 -0.006289 0.848556 -0.529067
-0.251782 -0.050814 0.100109 -0.000389 0.524611 0.841413 -0.999980 -0.005544 0.002995 -0.006289 0.848556 -0.529067
triangle
-0.146162 -0.037498 0.087475 0.010394 0.735733 0.665902 -0.999884 0.000347 0.015223 -0.011053 0.671090 -0.741293
-0.160990 -0.037289 0.087475 0.010394 0.735733 0.665902 -0.999884 0.000347 0.015223 -0.011053 0.671090 -0.741293
-0.160990 -0.051959 0.100117 0.006566 0.527256 0.836549 -0.000098 0.845987 -0.533204 0.999978 -0.003457 -0.005669
triangle
-0.146162 -0.037498 0.087475 0.010394 0.735733 0.665902 -0.999884 0.000347 0.015223 -0.011053 0.671090 -0.741293
-0.160990 -0.051959 0.100117 0.006566 0.527256 0.836549 -0.000098 0.845987 -0.533204 0.999978 -0.003457 -0.005669
-0.146162 -0.052141 0.100117 0.006566 0.527256 0.836549 0.001549 0.845980 -0.533213 -0.999977 0.004850 0.004791
triangle
-0.788516 -0.101446 -0.028471 -0.161645 0.952746 -0.244440 0.963150 0.099276 -0.249972 0.214580 0.276725 0.936685
-0.750500 -0.096006 -0.032254 -0.138226 0.952514 -0.269869 0.965195 0.068560 -0.252384 0.221984 0.295478 0.929202
-0.750498 -0.096493 -0.033977 -0.149030 0.929004 -0.330811 0.962857 0.060778 -0.263083 0.224896 0.358684 0.905962
triangle
-0.788516 -0.101446 -0.028471 -0.161645 0.952746 -0.244440 0.963150 0.099276 -0.249972 0.214580 0.276725 0.936685
-0.750498 -0.096493 -0.033977 -0.149030 0.929004 -0.330811 0.962857 0.060778 -0.263083 0.224896 0.358684 0.905962
-0.789493 -0.102112 -0.030082 -0.182250 0.911925 -0.357701 0.961410 0.090187 -0.259919 0.205511 0.392689 0.896415
triangle
-0.790493 -0.097733 -0.000278 -0.215123 0.966171 -0.000453 -0.975671 -0.217225 0.029645 -0.028837 -0.006890 -0.999560
-0.790493 -0.101912 0.028592 -0.203136 0.935297 0.255006 -0.977434 -0.183996 -0.103769 0.050616 0.272926 -0.960703
-0.788555 -0.101428 0.027921 -0.161911 0.952916 0.243603 -0.985468 -0.144699 -0.088963 0.049684 0.255284 -0.965589
triangle
-0.790493 -0.097733 -0.000278 -0.215123 0.966171 -0.000453 -0.975671 -0.217225 0.029645 -0.028837 -0.006890 -0.999560
-0.788555 -0.101428 0.027921 -0.161911 0.952916 0.243603 -0.985468 -0.144699 -0.088963 0.049684 0.255284 -0.965589
-0.788555 -0.097346 -0.000277 -0.193987 0.970819 -0.000440 -0.979704 -0.195743 0.043194 -0.042270 -0.008899 -0.999067
triangle
-0.750544 -0.096471 0.033466 -0.149403 0.929227 0.330016 -0.944522 -0.035913 -0.326480 0.292298 0.361445 -0.885392
-0.714771 -0.093048 0.036464 -0.116997 0.943145 0.306137 -0.986077 -0.073982 -0.148926 0.117991 0.319789 -0.940113
-0.715758 -0.092690 0.034642 -0.106882 0.967473 0.219281 -0.991376 -0.087390 -0.097651 0.075482 0.228341 -0.970651
triangle
-0.750544 -0.096471 0.033466 -0.149403 0.929227 0.330016 -0.944522 -0.035913 -0.326480 0.292298 0.361445 -0.885392
-0.715758 -0.092690 0.034642 -0.106882 0.967473 0.219281 -0.991376 -0.087390 -0.097651 0.075482 0.228341 -0.970651
-0.750544 -0.095986 0.031743 -0.138530 0.952697 0.269067 -0.980565 -0.093936 -0.172246 0.138878 0.287811 -0.947564
triangle
-0.715710 -0.092712 -0.035116 -0.106633 0.967327 -0.220042 -0.980296 -0.065686 0.186292 -0.166125 -0.236101 -0.957423
-0.715758 -0.087888 -0.000239 -0.069488 0.988219 -0.000361 -0.997536 -0.070143 -0.001468 0.001490 -0.000261 -0.999999
-0.713778 -0.087751 -0.000238 -0.059162 0.989136 -0.000355 -0.998193 -0.059701 0.006873 -0.006840 -0.000768 -0.999976
triangle
-0.715710 -0.092712 -0.035116 -0.106633 0.967327 -0.220042 -0.980296 -0.065686 0.186292 -0.166125 -0.236101 -0.957423
-0.713778 -0.087751 -0.000238 -0.059162 0.989136 -0.000355 -0.998193 -0.059701 0.006873 -0.006840 -0.000768 -0.999976
-0.713730 -0.092717 -0.036169 -0.084057 0.968349 -0.215693 -0.991799 -0.061087 0.112260 -0.095950 -0.224339 -0.969776
triangle
-0.507172 -0.157376 -0.109713 -0.087528 -0.058743 -0.993429 -0.995277 -0.036714 0.089862 0.041793 -0.997594 0.055307
-0.649492 -0.157374 -0.102328 -0.027014 -0.039282 -0.998527 -0.999289 -0.025206 0.028027 0.026279 -0.998910 0.038586
-0.648501 -0.155584 -0.102413 -0.045589 0.016105 -0.995171 -0.998619 -0.026559 0.045317 0.025796 -0.999517 -0.017357
triangle
-0.507172 -0.157376 -0.109713 -0.087528 -0.058743 -0.993429 -0.995277 -0.036714 0.089862 0.041793 -0.997594 0.055307
-0.648501 -0.155584 -0.102413 -0.045589 0.016105 -0.995171 -0.998619 -0.026559 0.045317 0.025796 -0.999517 -0.017357
-0.508163 -0.155587 -0.109744 -0.075970 -0.014868 -0.994266 -0.994432 -0.071878 0.077058 0.072810 -0.997302 0.009350
triangle
-0.508167 -0.127902 -0.107716 -0.043205 0.158527 -0.982545 -0.985476 -0.169053 0.016059 0.164182 -0.972676 -0.164154
-0.508178 -0.106630 -0.102396 -0.081010 0.396463 -0.878949 -0.992621 -0.114534 0.039825 0.087720 -0.904989 -0.416294
-0.506194 -0.105707 -0.102192 -0.029115 0.171153 -0.982942 -0.990800 -0.135208 0.005805 0.132151 -0.975868 -0.173835
triangle
-0.508167 -0.127902 -0.107716 -0.043205 0.158527 -0.982545 -0.985476 -0.169053 0.016059 0.164182 -0.972676 -0.164154
-0.506194 -0.105707 -0.102192 -0.029115 0.171153 -0.982942 -0.990800 -0.135208 0.005805 0.132151 -0.975868 -0.173835
-0.506184 -0.127894 -0.107822 -0.040553 0.127901 -0.987021 -0.989335 -0.143992 0.021989 0.139856 -0.981213 -0.132894
triangle
-0.650477 -0.129042 -0.098840 -0.122444 0.302826 -0.927499 -0.990966 -0.086317 0.102640 0.049806 -0.947476 -0.315924
-0.650494 -0.107938 -0.087179 -0.082811 0.593021 -0.783168 -0.996456 -0.047101 0.069699 -0.004509 -0.797455 -0.603362
-0.648516 -0.108742 -0.087709 -0.037264 0.556157 -0.825765 -0.997844 -0.065629 0.000828 0.053934 -0.827087 -0.559480
triangle
-0.650477 -0.129042 -0.098840 -0.122444 0.302826 -0.927499 -0.990966 -0.086317 0.102640 0.049806 -0.947476 -0.315924
-0.648516 -0.108742 -0.087709 -0.037264 0.556157 -0.825765 -0.997844 -0.065629 0.000828 0.053934 -0.827087 -0.559480
-0.648504 -0.129048 -0.099018 -0.070039 0.305567 -0.930754 -0.995743 -0.077839 0.049375 0.058405 -0.947176 -0.315353
triangle
-0.648640 -0.155519 0.102076 -0.046700 0.016761 0.995111 -0.997965 -0.044074 -0.046092 -0.043244 0.998887 -0.018854
-0.648639 -0.128985 0.098664 -0.071085 0.306163 0.930478 -0.995696 -0.077709 -0.050498 -0.057880 0.946986 -0.316017
-0.650611 -0.128979 0.098484 -0.124280 0.311424 0.920120 -0.990143 -0.097202 -0.100839 -0.059260 0.943094 -0.327204
triangle
-0.648640 -0.155519 0.102076 -0.046700 0.016761 0.995111 -0.997965 -0.044074 -0.046092 -0.043244 0.998887 -0.018854
-0.650611 -0.128979 0.098484 -0.124280 0.311424 0.920120 -0.990143 -0.097202 -0.100839 -0.059260 0.943094 -0.327204
-0.650619 -0.156374 0.102030 -0.097726 0.120202 0.979107 -0.992146 -0.088763 -0.088131 -0.076986 0.988644 -0.129057
triangle
-0.506324 -0.156418 0.109729 -0.068340 0.003546 0.994626 -0.989481 -0.127933 -0.067530 -0.127391 0.991776 -0.012288
-0.506325 -0.127828 0.107619 -0.041724 0.128547 0.986888 -0.985495 -0.168554 -0.019710 -0.164452 0.977208 -0.134239
-0.508308 -0.127836 0.107511 -0.044358 0.159177 0.982389 -0.985897 -0.166434 -0.017549 -0.161324 0.973020 -0.164943
triangle
-0.506324 -0.156418 0.109729 -0.068340 0.003546 0.994626 -0.989481 -0.127933 -0.067530 -0.127391 0.991776 -0.012288
-0.508308 -0.127836 0.107511 -0.044358 0.159177 0.982389 -0.985897 -0.166434 -0.017549 -0.161324 0.973020 -0.164943
-0.508307 -0.155520 0.109556 -0.077099 -0.014205 0.994188 -0.995235 -0.058491 -0.078016 -0.059421 0.998186 0.009654
triangle
-0.507311 -0.105080 0.101220 -0.119055 0.667195 0.726527 -0.992790 -0.078723 -0.090393 0.003136 0.736794 -0.676110
-0.649632 -0.107255 0.086269 -0.071583 0.672206 0.724848 -0.997342 -0.042043 -0.059504 0.009609 0.733670 -0.679438
-0.648635 -0.108686 0.087342 -0.038158 0.556697 0.825360 -0.997962 -0.063728 -0.003154 -0.051032 0.826869 -0.560074
triangle
-0.507311 -0.105080 0.101220 -0.119055 0.667195 0.726527 -0.992790 -0.078723 -0.090393 0.003136 0.736794 -0.676110
-0.648635 -0.108686 0.087342 -0.038158 0.556697 0.825360 -0.997962 -0.063728 -0.003154 -0.051032 0.826869 -0.560074
-0.508312 -0.106568 0.102176 -0.082006 0.397046 0.878594 -0.992627 -0.114018 -0.041124 -0.086653 0.904781 -0.416968
triangle
0.434529 -0.065321 0.057804 0.116581 0.757444 0.630338 -0.992437 0.113155 0.047579 0.035562 0.636022 -0.770851
0.434528 -0.057541 0.046071 0.097320 0.878358 0.455839 -0.994438 0.104817 0.010337 0.038919 0.456882 -0.888676
0.432555 -0.057862 0.046919 0.085007 0.868918 0.482948 -0.995952 0.088414 0.016230 0.028662 0.483465 -0.874894
triangle
0.434529 -0.065321 0.057804 0.116581 0.757444 0.630338 -0.992437 0.113155 0.047579 0.035562 0.636022 -0.770851
0.432555 -0.057862 0.046919 0.085007 0.868918 0.482948 -0.995952 0.088414 0.016230 0.028662 0.483465 -0.874894
0.432557 -0.065325 0.058193 0.114685 0.747185 0.642670 -0.992114 0.055704 0.112281 -0.048473 0.655592 -0.753558
triangle
0.434530 -0.100140 0.075487 0.099617 0.152991 0.974352 -0.994898 0.006744 0.100659 -0.008906 0.987996 -0.154223
0.434531 -0.084657 0.070730 0.103173 0.353674 0.926472 -0.994560 0.048113 0.092388 0.011936 0.933732 -0.357774
0.432557 -0.084570 0.070909 0.100416 0.352782 0.928043 -0.992908 0.095156 0.071262 0.063302 0.930573 -0.360593
triangle
0.434530 -0.100140 0.075487 0.099617 0.152991 0.974352 -0.994898 0.006744 0.100659 -0.008906 0.987996 -0.154223
0.432557 -0.084570 0.070909 0.100416 0.352782 0.928043 -0.992908 0.095156 0.071262 0.063302 0.930573 -0.360593
0.432557 -0.100085 0.075677 0.097599 0.157584 0.973146 -0.990466 -0.079836 0.112264 -0.096284 0.984034 -0.149690
triangle
0.434529 -0.139066 0.075607 0.098821 -0.020722 0.994889 -0.993392 0.056586 0.099851 0.058366 0.998183 0.014993
0.434531 -0.121014 0.075967 0.098110 0.006034 0.994916 -0.995163 -0.003932 0.098159 -0.004505 0.999974 -0.005620
0.432558 -0.121088 0.076159 0.096926 0.001505 0.995060 -0.991572 -0.086199 0.096717 -0.085938 0.996277 0.006864
triangle
0.434529 -0.139066 0.075607 0.098821 -0.020722 0.994889 -0.993392 0.056586 0.099851 0.058366 0.998183 0.014993
0.432558 -0.121088 0.076159 0.096926 0.001505 0.995060 -0.991572 -0.086199 0.096717 -0.085938 0.996277 0.006864
0.432561 -0.139216 0.075797 0.097756 -0.019875 0.995012 -0.992994 -0.068636 0.096186 -0.066382 0.997444 0.026445
triangle
0.287564 -0.151263 0.089546 0.094732 -0.017062 0.995357 -0.995143 -0.028514 0.094223 -0.026774 0.999448 0.019680
0.287567 -0.128075 0.089943 0.093958 0.002056 0.995390 -0.994440 0.047920 0.093770 0.047515 0.998849 -0.006548
0.285593 -0.128153 0.090129 0.093605 0.002090 0.995425 -0.995607 -0.001285 0.093625 -0.001475 0.999997 -0.001960
triangle
0.287564 -0.151263 0.089546 0.094732 -0.017062 0.995357 -0.995143 -0.028514 0.094223 -0.026774 0.999448 0.019680
0.285593 -0.128153 0.090129 0.093605 0.002090 0.995425 -0.995607 -0.001285 0.093625 -0.001475 0.999997 -0.001960
0.285595 -0.151405 0.089731 0.094292 -0.016947 0.995400 -0.995355 -0.021103 0.093928 -0.019415 0.999634 0.018858
triangle
0.287568 -0.100085 0.089348 0.092614 0.141777 0.977994 -0.995481 -0.004158 0.094873 -0.017649 0.989737 -0.141808
0.287568 -0.079410 0.083698 0.093532 0.318003 0.941632 -0.988580 0.142085 0.050212 0.118028 0.937196 -0.328228
0.285592 -0.079341 0.083871 0.093128 0.316789 0.942094 -0.994946 0.065081 0.076468 0.037152 0.946078 -0.321802
triangle
0.287568 -0.100085 0.089348 0.092614 0.141777 0.977994 -0.995481 -0.004158 0.094873 -0.017649 0.989737 -0.141808
0.285592 -0.079341 0.083871 0.093128 0.316789 0.942094 -0.994946 0.065081 0.076468 0.037152 0.946078 -0.321802
0.285592 -0.100078 0.089533 0.092414 0.141231 0.978155 -0.995508 0.030391 0.089666 0.017190 0.989359 -0.144473
triangle
0.287568 -0.053702 0.068613 0.086603 0.709889 0.687603 -0.996179 0.060816 0.062680 -0.002700 0.695910 -0.718124
0.287569 -0.043635 0.055192 0.125403 0.850384 0.504223 -0.991466 0.125693 0.034597 0.034074 0.506002 -0.861859
0.285593 -0.042938 0.054565 0.114886 0.847295 0.505771 -0.993289 0.098419 0.060749 -0.001706 0.512723 -0.858553
triangle
0.287568 -0.053702 0.068613 0.086603 0.709889 0.687603 -0.996179 0.060816 0.062680 -0.002700 0.695910 -0.718124
0.285593 -0.042938 0.054565 0.114886 0.847295 0.505771 -0.993289 0.098419 0.060749 -0.001706 0.512723 -0.858553
0.285593 -0.053383 0.068507 0.092368 0.707404 0.689272 -0.995626 0.072050 0.059477 0.007649 0.697336 -0.716704
triangle
-0.789493 -0.102112 -0.030082 -0.182250 0.911925 -0.357701 0.961410 0.090187 -0.259919 0.205511 0.392689 0.896415
-0.790454 -0.101931 -0.029144 -0.202855 0.935120 -0.255879 -0.973302 -0.168486 0.155871 -0.103631 -0.283361 -0.953398
-0.788516 -0.101446 -0.028471 -0.161645 0.952746 -0.244440 0.963150 0.099276 -0.249972 0.214580 0.276725 0.936685
triangle
-0.714771 -0.093048 0.036464 -0.116997 0.943145 0.306137 -0.986077 -0.073982 -0.148926 0.117991 0.319789 -0.940113
-0.713779 -0.092694 0.035697 -0.084333 0.968491 0.214957 -0.993888 -0.067084 -0.087678 0.070804 0.222006 -0.972471
-0.715758 -0.092690 0.034642 -0.106882 0.967473 0.219281 -0.991376 -0.087390 -0.097651 0.075482 0.228341 -0.970651
triangle
-0.649492 -0.157374 -0.102328 -0.027014 -0.039282 -0.998527 -0.999289 -0.025206 0.028027 0.026279 -0.998910 0.038586
-0.650479 -0.156439 -0.102369 -0.070890 0.069099 -0.990350 -0.994473 -0.082093 0.065458 0.077141 -0.994204 -0.074890
-0.648501 -0.155584 -0.102413 -0.045589 0.016105 -0.995171 -0.998619 -0.026559 0.045317 0.025796 -0.999517 -0.017357
triangle
-0.506201 -0.105658 -0.102186 -0.095261 0.563775 -0.717922 -0.992656 -0.113118 0.042886 0.062141 -0.780940 -0.621508
-0.506194 -0.105707 -0.102192 -0.029115 0.171153 -0.982942 -0.990800 -0.135208 0.005805 0.132151 -0.975868 -0.173835
-0.508178 -0.106630 -0.102396 -0.081010 0.396463 -0.878949 -0.992621 -0.114534 0.039825 0.087720 -0.904989 -0.416294
triangle
-0.508178 -0.106630 -0.102396 -0.081010 0.396463 -0.878949 -0.992621 -0.114534 0.039825 0.087720 -0.904989 -0.416294
-0.507178 -0.105143 -0.101439 -0.118231 0.666721 -0.727096 -0.992756 -0.068074 0.099007 -0.016621 -0.738288 -0.674281
-0.506201 -0.105658 -0.102186 -0.095261 0.563775 -0.717922 -0.992656 -0.113118 0.042886 0.062141 -0.780940 -0.621508
triangle
-0.650619 -0.156374 0.102030 -0.097726 0.120202 0.979107 -0.992146 -0.088763 -0.088131 -0.076986 0.988644 -0.129057
-0.649632 -0.157309 0.101991 -0.028122 -0.038615 0.998523 -0.999400 -0.019093 -0.028885 -0.020187 0.999071 0.038068
-0.648640 -0.155519 0.102076 -0.046700 0.016761 0.995111 -0.997965 -0.044074 -0.046092 -0.043244 0.998887 -0.018854
triangle
-0.506328 -0.105644 0.101974 -0.028334 0.170744 0.983053 -0.992375 -0.123040 -0.007232 -0.119939 0.977548 -0.173245
-0.506335 -0.105596 0.101968 -0.092635 0.524829 0.751280 -0.993846 -0.095789 -0.055627 -0.046433 0.816198 -0.575904
-0.508312 -0.106568 0.102176 -0.082006 0.397046 0.878594 -0.992627 -0.114018 -0.041124 -0.086653 0.904781 -0.416968
triangle
-0.506335 -0.105596 0.101968 -0.092635 0.524829 0.751280 -0.993846 -0.095789 -0.055627 -0.046433 0.816198 -0.575904
-0.507311 -0.105080 0.101220 -0.119055 0.667195 0.726527 -0.992790 -0.078723 -0.090393 0.003136 0.736794 -0.676110
-0.508312 -0.106568 0.102176 -0.082006 0.397046 0.878594 -0.992627 -0.114018 -0.041124 -0.086653 0.904781 -0.416968
triangle
0.434528 -0.057541 0.046071 0.097320 0.878358 0.455839 -0.994438 0.104817 0.010337 0.038919 0.456882 -0.888676
0.433545 -0.057124 0.045280 0.097826 0.910525 0.395224 -0.994960 0.098288 0.019836 0.020839 0.396199 -0.917928
0.432555 -0.057862 0.046919 0.085007 0.868918 0.482948 -0.995952 0.088414 0.016230 0.028662 0.483465 -0.874894
triangle
-0.714669 -0.110805 -0.075259 -0.178493 0.655298 -0.715980 -0.982569 -0.089783 0.162780 -0.042951 -0.742305 -0.668684
-0.650494 -0.107938 -0.087179 -0.082811 0.593021 -0.783168 -0.996456 -0.047101 0.069699 -0.004509 -0.797455 -0.603362
-0.650477 -0.129042 -0.098840 -0.122444 0.302826 -0.927499 -0.990966 -0.086317 0.102640 0.049806 -0.947476 -0.315924
triangle
-0.714669 -0.110805 -0.075259 -0.178493 0.655298 -0.715980 -0.982569 -0.089783 0.162780 -0.042951 -0.742305 -0.668684
-0.650477 -0.129042 -0.098840 -0.122444 0.302826 -0.927499 -0.990966 -0.086317 0.102640 0.049806 -0.947476 -0.315924
-0.714653 -0.127879 -0.086473 -0.187586 0.402901 -0.882693 -0.981733 -0.090945 0.167122 0.013097 -0.908582 -0.417501
triangle
-0.713778 -0.087751 -0.000238 -0.059162 0.989136 -0.000355 -0.998193 -0.059701 0.006873 -0.006840 -0.000768 -0.999976
-0.649631 -0.084753 -0.000192 -0.051229 0.992416 -0.000348 -0.998248 -0.051540 -0.029068 0.029047 0.001149 -0.999577
-0.649574 -0.090235 -0.042481 -0.058813 0.968074 -0.216601 -0.997529 -0.049431 0.049929 -0.037865 -0.220379 -0.974679
triangle
-0.713778 -0.087751 -0.000238 -0.059162 0.989136 -0.000355 -0.998193 -0.059701 0.006873 -0.006840 -0.000768 -0.999976
-0.649574 -0.090235 -0.042481 -0.058813 0.968074 -0.216601 -0.997529 -0.049431 0.049929 -0.037865 -0.220379 -0.974679
-0.713730 -0.092717 -0.036169 -0.084057 0.968349 -0.215693 -0.991799 -0.061087 0.112260 -0.095950 -0.224339 -0.969776
triangle
-0.750436 -0.129278 -0.079314 -0.221377 0.429121 -0.854454 -0.974177 -0.091994 0.206194 -0.010064 -0.894632 -0.446691
-0.750453 -0.113237 -0.066773 -0.216562 0.688674 -0.679273 -0.971863 -0.091545 0.217031 -0.088050 -0.713401 -0.695202
-0.714669 -0.110805 -0.075259 -0.178493 0.655298 -0.715980 -0.982569 -0.089783 0.162780 -0.042951 -0.742305 -0.668684
triangle
-0.750436 -0.129278 -0.079314 -0.221377 0.429121 -0.854454 -0.974177 -0.091994 0.206194 -0.010064 -0.894632 -0.446691
-0.714669 -0.110805 -0.075259 -0.178493 0.655298 -0.715980 -0.982569 -0.089783 0.162780 -0.042951 -0.742305 -0.668684
-0.714653 -0.127879 -0.086473 -0.187586 0.402901 -0.882693 -0.981733 -0.090945 0.167122 0.013097 -0.908582 -0.417501
triangle
-0.789468 -0.111309 -0.048775 -0.235704 0.827736 -0.498942 0.960841 0.124337 -0.247637 0.143687 0.540579 0.828932
-0.789493 -0.102112 -0.030082 -0.182250 0.911925 -0.357701 0.961410 0.090187 -0.259919 0.205511 0.392689 0.896415
-0.750498 -0.096493 -0.033977 -0.149030 0.929004 -0.330811 0.962857 0.060778 -0.263083 0.224896 0.358684 0.905962
triangle
-0.789468 -0.111309 -0.048775 -0.235704 0.827736 -0.498942 0.960841 0.124337 -0.247637 0.143687 0.540579 0.828932
-0.750498 -0.096493 -0.033977 -0.149030 0.929004 -0.330811 0.962857 0.060778 -0.263083 0.224896 0.358684 0.905962
-0.750464 -0.107277 -0.058851 -0.186477 0.842456 -0.490307 -0.973634 -0.094742 0.207512 -0.129347 -0.520015 -0.844307
triangle
-0.789431 -0.152692 -0.075550 -0.280821 0.250737 -0.925626 0.959696 0.075863 -0.270607 -0.002371 0.965030 0.262130
-0.789439 -0.131584 -0.069852 -0.271172 0.442153 -0.826539 0.959830 0.095416 -0.263860 0.038739 0.886331 0.461429
