triangle
0.000000 -15.240000 0.000001 -0.059408 0.992871 -0.103332 -0.812135 -0.108263 -0.573338 0.580438 -0.049859 -0.812777
-2.181250 -15.573400 -0.074352 0.009964 0.949284 0.314263 0.220877 0.304426 -0.926573 0.975251 -0.078645 0.206642
-1.998100 -15.790300 0.392861 -0.006669 0.914821 0.403803 0.208011 0.396248 -0.894270 0.978104 -0.078031 0.192935
triangle
0.000000 -15.240000 0.000001 -0.059408 0.992871 -0.103332 -0.835553 -0.106098 -0.539068 0.546188 -0.054314 -0.835900
-1.998100 -15.790300 0.392861 -0.006669 0.914821 0.403803 0.196748 0.397119 -0.896430 0.980431 -0.073469 0.182638
-1.654860 -15.964900 0.878248 -0.187079 0.966534 0.175538 -0.774638 -0.255037 0.578698 -0.604100 0.027716 -0.796426
triangle
-1.998100 -15.790300 0.392861 -0.006669 0.914821 0.403803 0.283892 0.388929 -0.876436 -0.958833 0.108792 -0.262304
-3.077440 -16.174299 1.604860 0.065212 0.964965 0.254146 0.218399 0.234711 -0.947213 -0.973678 0.117274 -0.195441
-1.654860 -15.964900 0.878248 -0.187079 0.966534 0.175538 -0.564265 0.040543 -0.824597 -0.804118 -0.253315 0.537797
triangle
-1.998100 -15.790300 0.392861 -0.006669 0.914821 0.403803 0.405314 0.371627 -0.835233 0.914153 -0.158097 0.373269
-3.677830 -15.738400 0.754748 0.161497 0.918203 0.361694 0.080275 0.353068 -0.932148 0.983603 -0.179574 0.016690
-3.077440 -16.174299 1.604860 0.065212 0.964965 0.254146 0.386436 0.210394 -0.897999 0.920008 -0.156771 0.359177
triangle
-2.181250 -15.573400 -0.074352 0.009964 0.949284 0.314263 0.405640 0.283421 -0.868981 -0.913978 0.136136 -0.382244
-3.677830 -15.738400 0.754748 0.161497 0.918203 0.361694 0.092840 0.350744 -0.931858 -0.982497 0.184072 -0.028602
-1.998100 -15.790300 0.392861 -0.006669 0.914821 0.403803 0.365737 0.378066 -0.850472 -0.930694 0.142014 -0.337105
triangle
-2.181250 -15.573400 -0.074352 0.009964 0.949284 0.314263 0.547177 0.257875 -0.796303 0.836958 -0.179891 0.516857
-3.972570 -15.347500 -0.090643 0.178853 0.957527 0.226173 0.104437 0.210104 -0.972085 0.978317 -0.197481 0.062423
-3.677830 -15.738400 0.754748 0.161497 0.918203 0.361694 0.133313 0.342847 -0.929883 0.977827 -0.198392 0.067040
triangle
-3.972570 -15.347500 -0.090643 0.178853 0.957527 0.226173 0.301590 0.165457 -0.938972 -0.936512 0.236149 -0.259188
-5.039260 -15.500600 1.080720 0.209059 0.906641 0.366465 0.186066 0.331021 -0.925097 -0.960038 0.261586 -0.099492
-3.677830 -15.738400 0.754748 0.161497 0.918203 0.361694 0.275249 0.310052 -0.910003 -0.947711 0.246519 -0.202662
triangle
-5.039260 -15.500600 1.080720 0.209059 0.906641 0.366465 0.159127 0.338212 -0.927519 -0.964869 0.252221 -0.073565
-3.077440 -16.174299 1.604860 0.065212 0.964965 0.254146 0.472036 0.194560 -0.859842 -0.879164 0.176038 -0.442810
-3.677830 -15.738400 0.754748 0.161497 0.918203 0.361694 0.244753 0.317789 -0.916027 -0.956041 0.236461 -0.173411
triangle
-3.077440 -16.174299 1.604860 0.065212 0.964965 0.254146 0.232805 0.232948 -0.944212 0.970335 -0.120740 0.209458
-3.257410 -16.409800 3.362060 -0.208581 0.977814 0.019327 0.910539 0.201367 -0.361068 -0.356949 -0.057714 -0.932339
-2.325160 -16.190100 2.524830 -0.341320 0.937865 -0.062526 0.929095 0.326553 -0.173627 -0.142421 -0.117355 -0.982825
triangle
-3.077440 -16.174299 1.604860 0.065212 0.964965 0.254146 0.401103 0.207859 -0.892138 -0.913709 0.160117 -0.373496
-4.262010 -16.178699 2.217730 0.104150 0.956092 0.273935 0.379085 0.216478 -0.899684 -0.919482 0.197547 -0.339894
-3.257410 -16.409800 3.362060 -0.208581 0.977814 0.019327 -0.908076 -0.200968 0.367437 -0.363169 -0.059090 -0.929848
triangle
-1.654860 -15.964900 0.878248 -0.187079 0.966534 0.175538 0.707949 0.256536 -0.658025 -0.681035 0.001169 -0.732250
-3.077440 -16.174299 1.604860 0.065212 0.964965 0.254146 0.229619 0.233343 -0.944895 0.971094 -0.119975 0.206357
-2.325160 -16.190100 2.524830 -0.341320 0.937865 -0.062526 -0.936404 -0.333510 0.109176 -0.081539 -0.095814 -0.992054
triangle
-5.039260 -15.500600 1.080720 0.209059 0.906641 0.366465 0.120568 0.347989 -0.929713 0.970442 -0.238549 0.036562
-4.262010 -16.178699 2.217730 0.104150 0.956092 0.273935 0.411480 0.209331 -0.887054 0.905449 -0.205105 0.371611
-3.077440 -16.174299 1.604860 0.065212 0.964965 0.254146 0.515410 0.185513 -0.836622 0.854459 -0.185547 0.485255
triangle
-5.394290 -14.986700 -0.078947 0.197696 0.963389 0.181103 0.546114 0.045181 -0.836491 0.814049 -0.264274 0.517188
-6.100110 -15.403400 1.368940 0.151742 0.912147 0.380738 0.885202 -0.296790 0.358236 0.439763 0.282671 -0.852470
-5.039260 -15.500600 1.080720 0.209059 0.906641 0.366465 0.921971 -0.307659 0.235193 0.325982 0.288701 -0.900215
triangle
-5.217350 -16.222700 2.752680 0.135124 0.928458 0.345988 0.458491 0.250966 -0.852527 -0.878366 0.273829 -0.391778
-5.039260 -15.500600 1.080720 0.209059 0.906641 0.366465 0.346822 0.281644 -0.894646 -0.914335 0.314132 -0.255563
-6.100110 -15.403400 1.368940 0.151742 0.912147 0.380738 0.417068 0.290140 -0.861320 -0.896119 0.289492 -0.336401
triangle
-5.217350 -16.222700 2.752680 0.135124 0.928458 0.345988 0.347853 0.282512 -0.893972 0.927761 -0.241150 0.284793
-4.262010 -16.178699 2.217730 0.104150 0.956092 0.273935 0.455233 0.199058 -0.867836 0.884260 -0.215089 0.414513
-5.039260 -15.500600 1.080720 0.209059 0.906641 0.366465 0.201045 0.326893 -0.923429 0.957014 -0.266727 0.113936
triangle
-3.972570 -15.347500 -0.090643 0.178853 0.957527 0.226173 0.488850 0.113011 -0.865017 0.853837 -0.265275 0.447874
-5.394290 -14.986700 -0.078947 0.197696 0.963389 0.181103 0.492179 0.062222 -0.868267 0.847748 -0.260788 0.461859
-5.039260 -15.500600 1.080720 0.209059 0.906641 0.366465 0.278421 0.304052 -0.911062 0.937431 -0.292497 0.188864
triangle
-4.039660 -16.586599 4.080420 -0.110547 0.990143 0.085996 -0.290983 0.050490 -0.955395 -0.950320 -0.130639 0.282533
-4.262010 -16.178699 2.217730 0.104150 0.956092 0.273935 0.381727 0.215910 -0.898703 -0.918388 0.198168 -0.342480
-5.217350 -16.222700 2.752680 0.135124 0.928458 0.345988 0.309296 0.292217 -0.904956 -0.941317 0.229294 -0.247682
triangle
-4.039660 -16.586599 4.080420 -0.110547 0.990143 0.085996 0.642407 0.005165 0.766346 0.758349 0.139962 -0.636646
-3.257410 -16.409800 3.362060 -0.208581 0.977814 0.019327 0.891935 0.198294 -0.406364 -0.401180 -0.067521 -0.913507
-4.262010 -16.178699 2.217730 0.104150 0.956092 0.273935 0.265304 0.238745 -0.934138 0.958523 -0.169967 0.228790
triangle
-3.257410 -16.409800 3.362060 -0.208581 0.977814 0.019327 0.813184 0.184374 -0.552030 -0.543346 -0.099427 -0.833600
-2.740610 -16.040501 5.307940 -0.422682 0.901128 -0.096476 0.876004 0.378956 -0.298343 -0.232285 -0.210618 -0.949570
-2.186730 -15.801100 4.494570 -0.553002 0.827687 -0.095512 0.814724 0.513192 -0.269924 -0.174396 -0.227085 -0.958133
triangle
-3.257410 -16.409800 3.362060 -0.208581 0.977814 0.019327 -0.788865 -0.179891 0.587649 -0.578088 -0.107326 -0.808885
-4.039660 -16.586599 4.080420 -0.110547 0.990143 0.085996 0.719067 0.019950 0.694654 0.686092 0.138629 -0.714185
-2.740610 -16.040501 5.307940 -0.422682 0.901128 -0.096476 -0.876897 -0.379769 0.294664 -0.228891 -0.209149 -0.950719
triangle
-2.325160 -16.190100 2.524830 -0.341320 0.937865 -0.062526 -0.893417 -0.303035 0.331627 -0.292074 -0.169053 -0.941336
-3.257410 -16.409800 3.362060 -0.208581 0.977814 0.019327 -0.804213 -0.182728 0.565555 -0.556539 -0.102421 -0.824484
-2.186730 -15.801100 4.494570 -0.553002 0.827687 -0.095512 -0.823606 -0.525716 0.212828 -0.125943 -0.196359 -0.972410
triangle
-4.039660 -16.586599 4.080420 -0.110547 0.990143 0.085996 0.887069 0.059277 0.457816 0.448206 0.126894 -0.884878
-3.232520 -16.174999 6.044450 -0.335925 0.932874 -0.129999 0.900117 0.277308 -0.335990 -0.277387 -0.229882 -0.932851
-2.740610 -16.040501 5.307940 -0.422682 0.901128 -0.096476 0.862738 0.367490 -0.347323 -0.277529 -0.230041 -0.932769
triangle
-4.039660 -16.586599 4.080420 -0.110547 0.990143 0.085996 0.737563 0.023734 0.674861 0.666168 0.138031 -0.732917
-4.715500 -16.699600 4.730910 -0.064234 0.997640 0.024274 0.725988 0.030027 0.687051 0.684701 0.061755 -0.726203
-3.232520 -16.174999 6.044450 -0.335925 0.932874 -0.129999 -0.903858 -0.280453 0.323090 -0.264943 -0.226035 -0.937397
triangle
-6.010210 -16.285500 3.237090 0.128410 0.959197 0.251897 0.366952 0.190017 -0.910626 -0.921335 0.209367 -0.327579
-4.039660 -16.586599 4.080420 -0.110547 0.990143 0.085996 -0.497290 0.019810 -0.867358 -0.860513 -0.138649 0.490199
-5.217350 -16.222700 2.752680 0.135124 0.928458 0.345988 0.323202 0.288789 -0.901189 -0.936633 0.233596 -0.261057
triangle
-6.010210 -16.285500 3.237090 0.128410 0.959197 0.251897 0.355011 0.192708 -0.914785 0.926001 -0.206894 0.315780
-4.715500 -16.699600 4.730910 -0.064234 0.997640 0.024274 0.985831 0.067213 -0.153688 -0.154957 0.014058 -0.987821
-4.039660 -16.586599 4.080420 -0.110547 0.990143 0.085996 0.658072 0.008080 0.752911 0.744795 0.139824 -0.652479
triangle
-6.948780 -15.411400 1.629920 0.135113 0.919585 0.368929 0.469793 0.268373 -0.840994 -0.872375 0.286949 -0.395754
-5.217350 -16.222700 2.752680 0.135124 0.928458 0.345988 0.481740 0.243578 -0.841782 -0.865834 0.280421 -0.414362
-6.100110 -15.403400 1.368940 0.151742 0.912147 0.380738 0.443687 0.281351 -0.850872 -0.883242 0.298042 -0.362015
triangle
-6.948780 -15.411400 1.629920 0.135113 0.919585 0.368929 0.452660 0.273928 -0.848565 0.881387 -0.281651 0.379247
-6.010210 -16.285500 3.237090 0.128410 0.959197 0.251897 0.552871 0.141628 -0.821143 0.823313 -0.244709 0.512126
-5.217350 -16.222700 2.752680 0.135124 0.928458 0.345988 0.467466 0.248147 -0.848469 0.873623 -0.276386 0.400491
triangle
-5.338140 -16.701000 5.347460 0.028569 0.997729 -0.061006 0.866081 -0.055179 -0.496849 0.499087 0.038642 0.865690
-6.010210 -16.285500 3.237090 0.128410 0.959197 0.251897 0.441495 0.172151 -0.880594 -0.888028 0.224288 -0.401374
-6.721820 -16.280100 3.696220 0.222890 0.943702 0.244433 0.309693 0.169205 -0.935660 -0.924343 0.284248 -0.254543
triangle
-5.338140 -16.701000 5.347460 0.028569 0.997729 -0.061006 0.934247 -0.048356 -0.353333 -0.355481 -0.046901 -0.933506
-4.715500 -16.699600 4.730910 -0.064234 0.997640 0.024274 0.864624 0.067783 -0.497826 -0.498296 -0.010989 -0.866937
-6.010210 -16.285500 3.237090 0.128410 0.959197 0.251897 0.366789 0.190054 -0.910684 0.921399 -0.209334 0.327418
triangle
-6.721820 -16.280100 3.696220 0.222890 0.943702 0.244433 0.398556 0.140612 -0.906301 0.889648 -0.299426 0.344777
-6.010210 -16.285500 3.237090 0.128410 0.959197 0.251897 0.564708 0.138078 -0.813658 0.815240 -0.246730 0.523935
-6.948780 -15.411400 1.629920 0.135113 0.919585 0.368929 0.469598 0.268437 -0.841082 0.872481 -0.286889 0.395566
triangle
-3.232520 -16.174999 6.044450 -0.335925 0.932874 -0.129999 -0.900774 -0.277853 0.333773 -0.275248 -0.229223 -0.933646
-4.715500 -16.699600 4.730910 -0.064234 0.997640 0.024274 0.675593 0.061376 -0.734715 0.734471 0.030794 0.677941
-5.338140 -16.701000 5.347460 0.028569 0.997729 -0.061006 0.734035 0.020487 0.678803 0.678511 -0.064173 -0.731782
triangle
-3.232520 -16.174999 6.044450 -0.335925 0.932874 -0.129999 0.876224 0.258884 -0.406462 -0.345523 -0.250449 -0.904372
-5.338140 -16.701000 5.347460 0.028569 0.997729 -0.061006 0.549045 -0.066663 -0.833130 0.835304 0.009694 0.549703
-3.693460 -16.179899 6.742550 -0.276355 0.931947 -0.234739 0.935474 0.204871 -0.287953 -0.220266 -0.299170 -0.928429
triangle
-5.338140 -16.701000 5.347460 0.028569 0.997729 -0.061006 0.545928 -0.066699 -0.835173 0.837345 0.009445 0.546593
-4.144440 -16.042801 7.426970 -0.129582 0.929629 -0.344961 0.987407 0.089136 -0.130701 -0.090755 -0.357553 -0.929473
-3.693460 -16.179899 6.742550 -0.276355 0.931947 -0.234739 0.931153 0.199192 -0.305413 -0.237870 -0.302980 -0.922833
triangle
-5.338140 -16.701000 5.347460 0.028569 0.997729 -0.061006 0.670685 -0.064387 -0.738943 0.741192 0.019805 0.671001
-5.945470 -16.559099 5.951950 0.123883 0.969527 -0.211352 0.725292 -0.233830 -0.647515 0.677204 0.073076 0.732158
-4.144440 -16.042801 7.426970 -0.129582 0.929629 -0.344961 -0.991541 -0.118900 0.052043 -0.007365 -0.348787 -0.937173
triangle
-7.412570 -16.142200 4.146370 0.323500 0.944418 0.058502 0.174086 0.001368 -0.984729 -0.930076 0.328744 -0.163968
-5.338140 -16.701000 5.347460 0.028569 0.997729 -0.061006 0.865024 -0.055261 -0.498678 0.500917 0.038525 0.864638
-6.721820 -16.280100 3.696220 0.222890 0.943702 0.244433 0.325478 0.164312 -0.931164 -0.918904 0.287105 -0.270531
triangle
-7.412570 -16.142200 4.146370 0.323500 0.944418 0.058502 0.096634 0.028529 -0.994911 0.941281 -0.327507 0.082034
-5.945470 -16.559099 5.951950 0.123883 0.969527 -0.211352 0.946306 -0.179523 -0.268845 -0.298595 -0.166698 -0.939709
-5.338140 -16.701000 5.347460 0.028569 0.997729 -0.061006 0.905161 -0.051716 -0.421912 -0.424109 -0.043167 -0.904582
triangle
-6.721820 -16.280100 3.696220 0.222890 0.943702 0.244433 0.504748 0.102794 -0.857125 -0.833996 0.314421 -0.453419
-6.948780 -15.411400 1.629920 0.135113 0.919585 0.368929 0.544889 0.242024 -0.802820 -0.827551 0.309497 -0.468371
-7.691360 -15.399000 1.877290 0.164891 0.936495 0.309497 0.544508 0.175208 -0.820252 -0.822388 0.303776 -0.481039
triangle
-8.408650 -15.269300 2.119820 0.323078 0.920225 0.220921 0.367878 0.092962 -0.925216 -0.871944 0.380189 -0.308496
-6.721820 -16.280100 3.696220 0.222890 0.943702 0.244433 0.520106 0.096953 -0.848581 -0.824506 0.316271 -0.469215
-7.691360 -15.399000 1.877290 0.164891 0.936495 0.309497 0.556801 0.170624 -0.812933 -0.814115 0.306373 -0.493307
triangle
-8.408650 -15.269300 2.119820 0.323078 0.920225 0.220921 0.298008 0.122639 -0.946652 0.898227 -0.371679 0.234613
-7.412570 -16.142200 4.146370 0.323500 0.944418 0.058502 0.424885 -0.089740 -0.900788 0.845471 -0.316262 0.430300
-6.721820 -16.280100 3.696220 0.222890 0.943702 0.244433 0.494567 0.106610 -0.862576 0.840074 -0.313148 0.442961
triangle
-6.514150 -16.307800 6.517970 0.279238 0.937521 -0.207559 0.803467 -0.346493 -0.484131 0.525801 0.031579 0.850021
-7.412570 -16.142200 4.146370 0.323500 0.944418 0.058502 0.289545 -0.039941 -0.956331 -0.900839 0.326312 -0.286373
-8.059360 -15.897700 4.567870 0.423135 0.904099 0.059683 -0.053331 -0.040904 0.997739 0.904496 -0.425361 0.030908
triangle
-6.514150 -16.307800 6.517970 0.279238 0.937521 -0.207559 0.655991 -0.344108 -0.671764 0.701215 -0.051425 0.711093
-5.945470 -16.559099 5.951950 0.123883 0.969527 -0.211352 0.940545 -0.182614 -0.286402 -0.316271 -0.163306 -0.934507
-7.412570 -16.142200 4.146370 0.323500 0.944418 0.058502 0.138732 0.013819 -0.990234 0.936003 -0.328457 0.126550
triangle
-8.059360 -15.897700 4.567870 0.423135 0.904099 0.059683 0.101603 0.018109 -0.994660 0.900352 -0.426939 0.084196
-7.412570 -16.142200 4.146370 0.323500 0.944418 0.058502 0.455566 -0.101263 -0.884424 0.829342 -0.312763 0.463003
-8.408650 -15.269300 2.119820 0.323078 0.920225 0.220921 0.333741 0.107656 -0.936497 0.885572 -0.376292 0.272335
triangle
-4.566740 -15.799900 8.067850 0.001235 0.904403 -0.426677 -0.987671 -0.065690 -0.142098 0.156542 -0.421592 -0.893171
-5.945470 -16.559099 5.951950 0.123883 0.969527 -0.211352 0.705553 -0.235832 -0.668265 0.697745 0.066333 0.713269
-6.514150 -16.307800 6.517970 0.279238 0.937521 -0.207559 0.116942 -0.247752 -0.961740 -0.953074 0.244282 -0.178817
triangle
-4.566740 -15.799900 8.067850 0.001235 0.904403 -0.426677 0.999963 0.002530 0.008258 0.008548 -0.426671 -0.904366
-4.144440 -16.042801 7.426970 -0.129582 0.929629 -0.344961 0.977584 0.061551 -0.201349 -0.165947 -0.363320 -0.916766
-5.945470 -16.559099 5.951950 0.123883 0.969527 -0.211352 0.559819 -0.244147 -0.791830 0.819302 0.020225 0.573006
triangle
-7.005540 -15.996900 7.007060 0.271142 0.895057 -0.354056 0.715288 -0.433504 -0.548122 0.644085 0.104633 0.757764
-4.566740 -15.799900 8.067850 0.001235 0.904403 -0.426677 -0.996948 -0.032194 -0.071126 0.078063 -0.425463 -0.901603
-6.514150 -16.307800 6.517970 0.279238 0.937521 -0.207559 0.160423 -0.258668 -0.952552 -0.946726 0.232692 -0.222629
triangle
-8.618250 -15.595500 4.932090 0.485703 0.868389 -0.099970 0.135061 0.038439 0.990091 0.863627 -0.494392 -0.098615
-6.514150 -16.307800 6.517970 0.279238 0.937521 -0.207559 0.794039 -0.346997 -0.499094 0.539934 0.025444 0.841323
-8.059360 -15.897700 4.567870 0.423135 0.904099 0.059683 -0.098822 -0.019427 0.994915 0.900661 -0.426881 0.081125
triangle
-8.618250 -15.595500 4.932090 0.485703 0.868389 -0.099970 -0.323475 0.072311 -0.943470 0.812069 -0.490584 -0.316024
-7.005540 -15.996900 7.007060 0.271142 0.895057 -0.354056 0.962537 -0.252935 0.097704 -0.002103 -0.367284 -0.930107
-6.514150 -16.307800 6.517970 0.279238 0.937521 -0.207559 0.674746 -0.345374 -0.652254 0.683187 -0.042085 0.729030
triangle
-8.059360 -15.897700 4.567870 0.423135 0.904099 0.059683 0.332042 -0.093440 -0.938625 -0.843033 0.416982 -0.339737
-8.408650 -15.269300 2.119820 0.323078 0.920225 0.220921 0.462194 0.050279 -0.885352 -0.825831 0.388146 -0.409078
-9.080300 -15.039500 2.346910 0.400375 0.901309 0.165353 0.337909 0.022514 -0.940909 -0.851773 0.432591 -0.295547
triangle
-9.660670 -14.755200 2.543140 0.515304 0.852002 0.092490 -0.105973 -0.043747 0.993406 0.850430 -0.521708 0.067746
-8.059360 -15.897700 4.567870 0.423135 0.904099 0.059683 0.369987 -0.112281 -0.922227 -0.827083 0.412308 -0.382015
-9.080300 -15.039500 2.346910 0.400375 0.901309 0.165353 0.373446 0.004294 -0.927642 -0.836802 0.433155 -0.334871
triangle
-9.660670 -14.755200 2.543140 0.515304 0.852002 0.092490 -0.049462 0.137310 -0.989292 0.855579 -0.505212 -0.112898
-8.618250 -15.595500 4.932090 0.485703 0.868389 -0.099970 0.015684 -0.123005 -0.992282 0.873983 -0.480386 0.073363
-8.059360 -15.897700 4.567870 0.423135 0.904099 0.059683 0.257323 -0.056751 -0.964658 0.868759 -0.423538 0.256659
triangle
-7.395400 -15.667500 7.395090 0.354638 0.838257 -0.414195 0.499188 -0.544316 -0.674189 -0.790597 0.032332 -0.611483
-8.618250 -15.595500 4.932090 0.485703 0.868389 -0.099970 0.011410 0.108058 0.994079 0.874050 -0.483968 0.042576
-9.061650 -15.274900 5.221040 0.581089 0.806092 -0.112033 0.655949 -0.545379 -0.521817 -0.481733 0.229734 -0.845669
triangle
-7.395400 -15.667500 7.395090 0.354638 0.838257 -0.414195 0.751682 -0.519058 -0.406882 -0.556063 -0.167047 -0.814180
-7.005540 -15.996900 7.007060 0.271142 0.895057 -0.354056 0.959249 -0.281658 0.022575 -0.079517 -0.345749 -0.934952
-8.618250 -15.595500 4.932090 0.485703 0.868389 -0.099970 -0.237273 0.020902 -0.971218 0.841305 -0.495444 -0.216197
triangle
-9.061650 -15.274900 5.221040 0.581089 0.806092 -0.112033 0.557064 -0.494319 -0.667329 -0.593309 0.325368 -0.736288
-8.618250 -15.595500 4.932090 0.485703 0.868389 -0.099970 0.140818 -0.190604 -0.971514 0.862707 -0.457790 0.214862
-9.660670 -14.755200 2.543140 0.515304 0.852002 0.092490 0.023094 0.094078 -0.995297 0.856696 -0.515016 -0.028803
triangle
-4.931630 -15.499400 8.621630 0.033700 0.860424 -0.508463 -0.969802 -0.094807 -0.224711 0.241553 -0.500682 -0.831246
-7.005540 -15.996900 7.007060 0.271142 0.895057 -0.354056 0.660874 -0.440544 -0.607591 0.699805 0.069243 0.710970
-7.395400 -15.667500 7.395090 0.354638 0.838257 -0.414195 0.522025 -0.545027 -0.656076 0.775708 -0.016449 0.630878
triangle
-7.005540 -15.996900 7.007060 0.271142 0.895057 -0.354056 0.367738 -0.436259 -0.821247 0.889523 -0.092475 0.447435
-4.931630 -15.499400 8.621630 0.033700 0.860424 -0.508463 0.981842 -0.123531 -0.143965 -0.186682 -0.494379 -0.848964
-4.566740 -15.799900 8.067850 0.001235 0.904403 -0.426677 0.991137 -0.057786 -0.119616 -0.132837 -0.422748 -0.896459
triangle
-2.346770 -14.866300 9.093460 -0.160836 0.879334 -0.448222 -0.986953 -0.139844 0.079799 -0.007489 -0.455209 -0.890353
-4.144440 -16.042801 7.426970 -0.129582 0.929629 -0.344961 -0.922083 0.014965 0.386702 -0.364652 -0.368192 -0.855256
-4.566740 -15.799900 8.067850 0.001235 0.904403 -0.426677 -0.980308 0.085352 0.178077 -0.197471 -0.418055 -0.886699
triangle
-4.931630 -15.499400 8.621630 0.033700 0.860424 -0.508463 -0.993903 -0.024587 -0.107480 0.104980 -0.508985 -0.854350
-2.346770 -14.866300 9.093460 -0.160836 0.879334 -0.448222 -0.984048 -0.107884 0.141457 -0.076032 -0.463824 -0.882659
-4.566740 -15.799900 8.067850 0.001235 0.904403 -0.426677 -0.960684 0.119537 0.250595 -0.277643 -0.409592 -0.868993
triangle
-4.931630 -15.499400 8.621630 0.033700 0.860424 -0.508463 0.998861 -0.011797 0.046241 0.033788 -0.509442 -0.859841
-7.395400 -15.667500 7.395090 0.354638 0.838257 -0.414195 0.338449 -0.528035 -0.778865 0.871599 -0.136031 0.470968
-5.221130 -15.180800 9.060970 0.061375 0.802833 -0.593036 0.472435 -0.546751 -0.691280 -0.879226 -0.237744 -0.412844
triangle
-2.543090 -14.585300 9.665900 -0.108287 0.846665 -0.520992 -0.993329 -0.113052 0.022741 0.039645 -0.519979 -0.853259
-4.931630 -15.499400 8.621630 0.033700 0.860424 -0.508463 -0.998822 0.046773 0.012949 -0.034924 -0.507428 -0.860986
-5.221130 -15.180800 9.060970 0.061375 0.802833 -0.593036 0.532565 -0.528852 -0.660826 -0.844161 -0.275272 -0.460019
triangle
-4.931630 -15.499400 8.621630 0.033700 0.860424 -0.508463 0.960063 -0.169255 -0.222783 -0.277748 -0.480649 -0.831765
-2.543090 -14.585300 9.665900 -0.108287 0.846665 -0.520992 0.988743 0.037294 -0.144901 -0.103253 -0.530818 -0.841173
-2.346770 -14.866300 9.093460 -0.160836 0.879334 -0.448222 0.950172 0.015083 -0.311361 -0.267029 -0.475966 -0.837945
triangle
-7.395400 -15.667500 7.395090 0.354638 0.838257 -0.414195 0.271304 -0.516184 -0.812372 0.894777 -0.175725 0.410481
-5.459990 -14.846600 9.423470 0.176982 0.759306 -0.626204 0.785990 -0.491976 -0.374405 -0.592366 -0.425927 -0.683878
-5.221130 -15.180800 9.060970 0.061375 0.802833 -0.593036 0.971884 0.087250 0.218699 0.227322 -0.589785 -0.774906
triangle
-7.395400 -15.667500 7.395090 0.354638 0.838257 -0.414195 0.666726 -0.537290 -0.516523 0.655522 0.092976 0.749431
-7.717060 -15.323400 7.715250 0.454582 0.778660 -0.432486 0.888315 -0.360789 0.284125 0.065201 -0.513342 -0.855704
-5.459990 -14.846600 9.423470 0.176982 0.759306 -0.626204 0.649670 -0.568069 -0.505200 -0.739328 -0.317415 -0.593836
triangle
-7.717060 -15.323400 7.715250 0.454582 0.778660 -0.432486 0.732086 -0.050053 0.679371 0.507352 -0.625447 -0.592799
-7.395400 -15.667500 7.395090 0.354638 0.838257 -0.414195 0.910607 -0.410181 -0.050464 -0.212197 -0.359272 -0.908788
-9.061650 -15.274900 5.221040 0.581089 0.806092 -0.112033 0.686643 -0.559498 -0.464203 -0.436872 0.192817 -0.878615
triangle
-2.543090 -14.585300 9.665900 -0.108287 0.846665 -0.520992 0.978560 -0.001577 -0.205954 -0.175196 -0.532124 -0.828342
-5.221130 -15.180800 9.060970 0.061375 0.802833 -0.593036 0.454686 -0.551414 -0.699430 -0.888535 -0.226718 -0.398880
-2.698840 -14.286700 10.120100 -0.063469 0.787534 -0.612994 0.360611 -0.554634 -0.749894 -0.930554 -0.268648 -0.248791
triangle
-5.221130 -15.180800 9.060970 0.061375 0.802833 -0.593036 0.965017 -0.199467 -0.170161 -0.254902 -0.561847 -0.786990
-2.827340 -13.970200 10.494800 -0.006762 0.729818 -0.683608 0.698781 -0.485561 -0.525296 -0.715303 -0.481245 -0.506700
-2.698840 -14.286700 10.120100 -0.063469 0.787534 -0.612994 0.997094 0.075968 -0.005641 0.042126 -0.611571 -0.790067
triangle
-5.221130 -15.180800 9.060970 0.061375 0.802833 -0.593036 -0.971813 -0.087434 -0.218941 0.227625 -0.589758 -0.774837
-5.459990 -14.846600 9.423470 0.176982 0.759306 -0.626204 -0.482039 -0.487841 -0.727770 0.858088 -0.430657 -0.279676
-2.827340 -13.970200 10.494800 -0.006762 0.729818 -0.683608 0.499915 -0.589597 -0.634397 -0.866048 -0.346036 -0.360860
triangle
-7.717060 -15.323400 7.715250 0.454582 0.778660 -0.432486 -0.866156 0.273234 -0.418470 0.207676 -0.564829 -0.798648
-5.683660 -14.490300 9.762910 0.158609 0.730944 -0.663750 0.743397 -0.530825 -0.406921 -0.649772 -0.428889 -0.627576
-5.459990 -14.846600 9.423470 0.176982 0.759306 -0.626204 0.697889 -0.545452 -0.464148 -0.693995 -0.354875 -0.626446
triangle
-5.683660 -14.490300 9.762910 0.158609 0.730944 -0.663750 -0.603036 -0.460586 -0.651313 0.781787 -0.503569 -0.367732
-2.827340 -13.970200 10.494800 -0.006762 0.729818 -0.683608 0.510078 -0.585482 -0.630104 -0.860101 -0.352954 -0.368305
-5.459990 -14.846600 9.423470 0.176982 0.759306 -0.626204 -0.580845 -0.433053 -0.689263 0.794541 -0.485715 -0.364397
triangle
-7.717060 -15.323400 7.715250 0.454582 0.778660 -0.432486 0.873647 -0.295217 0.386766 0.173482 -0.553657 -0.814474
-8.018260 -14.959400 8.015040 0.422208 0.757745 -0.497557 0.564250 -0.649262 -0.509981 0.709481 0.065428 0.701681
-5.683660 -14.490300 9.762910 0.158609 0.730944 -0.663750 0.615991 -0.598637 -0.512043 -0.771620 -0.327650 -0.545204
triangle
-9.770070 -14.579800 5.682700 0.629836 0.739821 -0.236585 0.386374 -0.034184 0.921709 0.673812 -0.671935 -0.307378
-7.717060 -15.323400 7.715250 0.454582 0.778660 -0.432486 -0.262265 -0.347016 -0.900443 0.851218 -0.522751 -0.046468
-9.427500 -14.938500 5.459450 0.641625 0.751707 -0.152492 0.487935 -0.553416 -0.675019 -0.591808 0.358703 -0.721869
triangle
-9.770070 -14.579800 5.682700 0.629836 0.739821 -0.236585 0.390651 -0.564984 -0.726763 -0.671341 0.365319 -0.644859
-8.018260 -14.959400 8.015040 0.422208 0.757745 -0.497557 0.209637 0.452381 0.866835 0.881926 -0.470291 0.032148
-7.717060 -15.323400 7.715250 0.454582 0.778660 -0.432486 0.765413 -0.093178 0.636758 0.455519 -0.620489 -0.638354
triangle
-7.717060 -15.323400 7.715250 0.454582 0.778660 -0.432486 -0.137241 -0.418524 -0.897776 0.880068 -0.467468 0.083389
-9.061650 -15.274900 5.221040 0.581089 0.806092 -0.112033 0.710783 -0.569722 -0.412559 -0.396388 0.160103 -0.904015
-9.427500 -14.938500 5.459450 0.641625 0.751707 -0.152492 0.689175 -0.477731 0.544803 0.336682 -0.454653 -0.824582
triangle
-5.918290 -14.110200 10.119000 0.223171 0.731792 -0.643953 0.620438 -0.616159 -0.485186 -0.751832 -0.291253 -0.591540
-8.018260 -14.959400 8.015040 0.422208 0.757745 -0.497557 0.518113 -0.652105 -0.553460 0.743841 0.024116 0.667922
-8.334240 -14.574600 8.329540 0.501643 0.753935 -0.424188 0.864383 -0.417243 0.280625 0.034584 -0.507435 -0.860996
triangle
-5.918290 -14.110200 10.119000 0.223171 0.731792 -0.643953 0.780532 -0.529881 -0.331656 -0.583921 -0.428610 -0.689441
-5.683660 -14.490300 9.762910 0.158609 0.730944 -0.663750 0.666083 -0.575452 -0.474540 -0.728819 -0.366846 -0.578141
-8.018260 -14.959400 8.015040 0.422208 0.757745 -0.497557 0.862972 -0.504017 -0.035298 0.277525 0.414474 0.866713
triangle
-8.334240 -14.574600 8.329540 0.501643 0.753935 -0.424188 0.560617 -0.656773 -0.504339 0.658834 -0.015191 0.752135
-8.018260 -14.959400 8.015040 0.422208 0.757745 -0.497557 0.894288 -0.437957 0.091881 -0.148286 -0.483752 -0.862551
-9.770070 -14.579800 5.682700 0.629836 0.739821 -0.236585 -0.637888 0.318884 -0.701008 0.443177 -0.592435 -0.672767
triangle
-8.334240 -14.574600 8.329540 0.501643 0.753935 -0.424188 0.144231 -0.556378 -0.818316 0.852966 -0.349321 0.387844
-9.770070 -14.579800 5.682700 0.629836 0.739821 -0.236585 0.756410 -0.653427 -0.029610 -0.176497 -0.160306 -0.971160
-10.129400 -14.197100 5.916900 0.671681 0.723699 -0.158447 0.545290 -0.627725 -0.555536 -0.501502 0.286743 -0.816256
triangle
-10.129400 -14.197100 5.916900 0.671681 0.723699 -0.158447 -0.608484 0.416913 -0.675227 0.422602 -0.549949 -0.720391
-9.770070 -14.579800 5.682700 0.629836 0.739821 -0.236585 0.776575 -0.593743 0.210713 -0.015419 0.316440 0.948487
-10.856800 -13.784800 2.947550 0.703323 0.710529 -0.022039 0.590883 -0.601564 -0.537567 -0.395215 0.365061 -0.842933
triangle
-10.856800 -13.784800 2.947550 0.703323 0.710529 -0.022039 0.577048 -0.588753 -0.566026 -0.415153 0.385381 -0.824093
-9.770070 -14.579800 5.682700 0.629836 0.739821 -0.236585 0.774479 -0.621334 0.118854 0.059067 0.258089 0.964314
-9.427500 -14.938500 5.459450 0.641625 0.751707 -0.152492 0.432097 -0.518504 -0.737866 -0.633727 0.407542 -0.657495
triangle
-10.856800 -13.784800 2.947550 0.703323 0.710529 -0.022039 0.461491 -0.479953 -0.746104 -0.540706 0.514581 -0.665464
-9.427500 -14.938500 5.459450 0.641625 0.751707 -0.152492 0.322130 -0.083660 0.942992 0.696096 -0.654169 -0.295825
-10.501000 -14.132900 2.827270 0.666417 0.745515 0.009845 0.610100 -0.537685 -0.581956 -0.428563 0.393832 -0.813160
triangle
-10.501000 -14.132900 2.827270 0.666417 0.745515 0.009845 0.672016 -0.594892 -0.441020 -0.322930 0.300519 -0.897443
-9.427500 -14.938500 5.459450 0.641625 0.751707 -0.152492 -0.670116 0.452646 -0.588265 0.373178 -0.479633 -0.794160
-9.061650 -15.274900 5.221040 0.581089 0.806092 -0.112033 -0.205129 0.011855 -0.978663 0.787564 -0.591672 -0.172242
triangle
-9.061650 -15.274900 5.221040 0.581089 0.806092 -0.112033 0.611591 -0.523345 -0.593352 -0.536928 0.276272 -0.797109
-9.660670 -14.755200 2.543140 0.515304 0.852002 0.092490 -0.213553 0.023137 0.976658 0.829974 -0.523027 0.193870
-10.121100 -14.453200 2.698820 0.591478 0.804135 0.059337 0.770371 -0.541846 -0.336053 -0.238080 0.244479 -0.939972
triangle
-10.501000 -14.132900 2.827270 0.666417 0.745515 0.009845 0.578866 -0.509037 -0.637020 -0.469897 0.430220 -0.770784
-9.061650 -15.274900 5.221040 0.581089 0.806092 -0.112033 0.442950 -0.428743 -0.787385 -0.682738 0.407916 -0.606196
-10.121100 -14.453200 2.698820 0.591478 0.804135 0.059337 -0.045291 -0.040340 0.998159 0.805048 -0.593076 0.012559
triangle
-10.867500 -13.573300 0.010351 0.670009 0.740374 0.054177 -0.315781 0.350295 -0.881803 0.671841 -0.573707 -0.468497
-10.856800 -13.784800 2.947550 0.703323 0.710529 -0.022039 -0.581657 0.557382 -0.592453 0.408671 -0.429505 -0.805303
-10.501000 -14.132900 2.827270 0.666417 0.745515 0.009845 -0.422599 0.388575 -0.818791 0.614246 -0.541496 -0.574007
triangle
-10.490300 -13.883200 0.003783 0.588987 0.806008 0.058708 0.802023 -0.591905 0.080041 0.099264 -0.000058 -0.995061
-10.501000 -14.132900 2.827270 0.666417 0.745515 0.009845 -0.482406 0.441216 -0.756712 0.568484 -0.499536 -0.653674
-10.121100 -14.453200 2.698820 0.591478 0.804135 0.059337 0.802109 -0.594305 0.058511 0.082315 0.012987 -0.996522
triangle
-10.490300 -13.883200 0.003783 0.588987 0.806008 0.058708 0.619264 -0.403461 -0.673596 -0.519237 0.433095 -0.736764
-10.867500 -13.573300 0.010351 0.670009 0.740374 0.054177 0.423613 -0.441242 0.791112 0.609623 -0.507102 -0.609268
-10.501000 -14.132900 2.827270 0.666417 0.745515 0.009845 0.170012 -0.164804 0.971564 0.725937 -0.645792 -0.236574
triangle
-11.220800 -13.229200 0.016500 0.710059 0.702095 0.053655 -0.331534 0.400573 -0.854182 0.621210 -0.588731 -0.517199
-11.229900 -13.405300 3.073730 0.715463 0.698627 -0.005804 -0.488341 0.494134 -0.719274 0.499636 -0.517448 -0.694702
-10.856800 -13.784800 2.947550 0.703323 0.710529 -0.022039 -0.519707 0.492789 -0.697899 0.485017 -0.502302 -0.715857
triangle
-10.129400 -14.197100 5.916900 0.671681 0.723699 -0.158447 0.585410 -0.387405 0.712189 0.454027 -0.571120 -0.683873
-10.856800 -13.784800 2.947550 0.703323 0.710529 -0.022039 0.585701 -0.596774 -0.548466 -0.402853 0.372841 -0.835882
-11.229900 -13.405300 3.073730 0.715463 0.698627 -0.005804 0.577962 -0.596516 -0.556893 -0.392522 0.395082 -0.830564
triangle
-10.867500 -13.573300 0.010351 0.670009 0.740374 0.054177 -0.333157 0.234670 0.913201 0.663397 -0.629902 0.403891
-11.220800 -13.229200 0.016500 0.710059 0.702095 0.053655 0.471960 -0.531091 0.703702 0.522561 -0.474347 -0.708466
-10.856800 -13.784800 2.947550 0.703323 0.710529 -0.022039 0.706155 -0.694756 0.136601 -0.081747 0.111638 0.990381
triangle
-11.220800 -13.229200 0.016500 0.710059 0.702095 0.053655 0.398434 -0.463442 0.791500 0.580574 -0.540633 -0.608810
-11.591300 -12.845900 0.022952 0.725872 0.685637 0.054885 0.443953 -0.527961 0.723991 0.525372 -0.501158 -0.687622
-11.229900 -13.405300 3.073730 0.715463 0.698627 -0.005804 -0.013778 0.022414 0.999654 0.698515 -0.715135 0.025662
triangle
-11.603100 -13.016300 3.199910 0.723446 0.689629 -0.032215 0.514317 -0.569491 -0.641216 -0.460547 0.447317 -0.766684
-10.129400 -14.197100 5.916900 0.671681 0.723699 -0.158447 -0.212624 0.393191 0.894535 0.709673 -0.567152 0.417974
-11.229900 -13.405300 3.073730 0.715463 0.698627 -0.005804 0.574250 -0.592779 -0.564668 -0.397932 0.400666 -0.825298
triangle
-11.591300 -12.845900 0.022952 0.725872 0.685637 0.054885 -0.297987 0.385383 -0.873318 0.619931 -0.617562 -0.484049
-11.603100 -13.016300 3.199910 0.723446 0.689629 -0.032215 -0.522423 0.516343 -0.678575 0.451331 -0.507742 -0.733825
-11.229900 -13.405300 3.073730 0.715463 0.698627 -0.005804 -0.423959 0.427543 -0.798414 0.555312 -0.573696 -0.602081
triangle
-11.591300 -12.845900 0.022952 0.725872 0.685637 0.054885 0.356954 -0.443703 0.822017 0.587958 -0.577087 -0.566812
-11.961900 -12.449500 0.029403 0.737757 0.672719 0.056244 0.401802 -0.504540 0.764196 0.542466 -0.541192 -0.642527
-11.603100 -13.016300 3.199910 0.723446 0.689629 -0.032215 0.685259 -0.711623 0.154962 -0.083941 0.134182 0.987395
triangle
-11.961900 -12.449500 0.029403 0.737757 0.672719 0.056244 -0.262689 0.362835 -0.894061 0.621859 -0.644825 -0.444400
-11.944100 -12.645400 3.315200 0.742161 0.670009 -0.016854 -0.440119 0.468241 -0.766189 0.505462 -0.576054 -0.642394
-11.603100 -13.016300 3.199910 0.723446 0.689629 -0.032215 -0.489336 0.479297 -0.728577 0.487008 -0.542850 -0.684206
triangle
-10.817200 -13.434000 6.365080 0.698857 0.692250 -0.179971 0.446792 -0.226013 0.865618 0.558548 -0.685353 -0.467243
-11.603100 -13.016300 3.199910 0.723446 0.689629 -0.032215 0.610674 -0.660990 -0.436083 -0.322029 0.295810 -0.899330
-11.944100 -12.645400 3.315200 0.742161 0.670009 -0.016854 0.574332 -0.648740 -0.499278 -0.345455 0.360865 -0.866278
triangle
-10.817200 -13.434000 6.365080 0.698857 0.692250 -0.179971 -0.582063 0.404182 -0.705578 0.415695 -0.597852 -0.685398
-10.488800 -13.807700 6.151100 0.642887 0.724660 -0.248121 0.719907 -0.682283 -0.127373 0.261591 0.096738 0.960319
-11.603100 -13.016300 3.199910 0.723446 0.689629 -0.032215 0.602068 -0.653050 -0.459391 -0.337847 0.312949 -0.887650
triangle
-11.603100 -13.016300 3.199910 0.723446 0.689629 -0.032215 0.608378 -0.658878 -0.442444 -0.326347 0.300485 -0.896218
-10.488800 -13.807700 6.151100 0.642887 0.724660 -0.248121 0.742825 -0.668866 -0.028810 0.186837 0.165789 0.968301
-10.129400 -14.197100 5.916900 0.671681 0.723699 -0.158447 0.531596 -0.619781 -0.577302 -0.515995 0.303533 -0.801010
triangle
-11.961900 -12.449500 0.029403 0.737757 0.672719 0.056244 0.251198 -0.350904 0.902090 0.626589 -0.651395 -0.427868
-12.300500 -12.074400 0.035298 0.751923 0.656828 0.056459 0.364353 -0.485417 0.794743 0.549416 -0.577015 -0.604314
-11.944100 -12.645400 3.315200 0.742161 0.670009 -0.016854 -0.069788 0.102265 0.992306 0.666578 -0.735275 0.122656
triangle
-12.235000 -12.307100 3.413540 0.759645 0.648198 -0.052706 0.466183 -0.599255 -0.650820 -0.453445 0.469822 -0.757400
-10.817200 -13.434000 6.365080 0.698857 0.692250 -0.179971 0.313975 -0.522982 -0.792408 -0.642666 0.497273 -0.582838
-11.944100 -12.645400 3.315200 0.742161 0.670009 -0.016854 0.561182 -0.634971 -0.530930 -0.366430 0.384577 -0.847248
triangle
-12.300500 -12.074400 0.035298 0.751923 0.656828 0.056459 -0.240704 0.353260 -0.904029 0.613737 -0.666171 -0.423726
-12.235000 -12.307100 3.413540 0.759645 0.648198 -0.052706 -0.536299 0.578536 -0.614556 0.367862 -0.495111 -0.787110
-11.944100 -12.645400 3.315200 0.742161 0.670009 -0.016854 -0.413540 0.437995 -0.798214 0.527429 -0.599373 -0.602139
triangle
-8.938910 -13.809000 8.931380 0.482371 0.721593 -0.496609 -0.361543 -0.352381 -0.863200 0.797875 -0.595928 -0.090908
-10.488800 -13.807700 6.151100 0.642887 0.724660 -0.248121 0.554980 -0.663951 -0.501165 -0.527914 0.184490 -0.829017
-10.817200 -13.434000 6.365080 0.698857 0.692250 -0.179971 0.517935 -0.663308 -0.540153 -0.493297 0.284276 -0.822098
triangle
-11.097300 -13.087000 6.547610 0.681296 0.675692 -0.281561 0.219143 -0.555270 -0.802279 -0.698436 0.484887 -0.526377
-8.938910 -13.809000 8.931380 0.482371 0.721593 -0.496609 -0.445894 -0.285712 -0.848261 0.753987 -0.630612 -0.183935
-10.817200 -13.434000 6.365080 0.698857 0.692250 -0.179971 0.498625 -0.651911 -0.571302 -0.512809 0.309520 -0.800765
triangle
-12.235000 -12.307100 3.413540 0.759645 0.648198 -0.052706 0.556947 -0.690262 -0.461897 -0.335782 0.321524 -0.885366
-11.097300 -13.087000 6.547610 0.681296 0.675692 -0.281561 0.689602 -0.721466 -0.062743 0.245531 0.151419 0.957490
-10.817200 -13.434000 6.365080 0.698857 0.692250 -0.179971 0.573409 -0.692638 -0.437556 -0.427553 0.202592 -0.880997
triangle
-8.938910 -13.809000 8.931380 0.482371 0.721593 -0.496609 0.620064 0.119172 0.775448 0.618740 -0.681983 -0.389949
-8.650210 -14.184400 8.644030 0.433978 0.745517 -0.505833 0.659372 -0.645429 -0.385552 -0.613915 -0.166211 -0.771675
-10.488800 -13.807700 6.151100 0.642887 0.724660 -0.248121 0.497786 -0.641475 -0.583711 -0.582156 0.251749 -0.773122
triangle
-10.488800 -13.807700 6.151100 0.642887 0.724660 -0.248121 0.345871 -0.563672 -0.750098 -0.683425 0.396411 -0.613016
-8.334240 -14.574600 8.329540 0.501643 0.753935 -0.424188 0.182265 -0.571456 -0.800136 0.845656 -0.324068 0.424083
-10.129400 -14.197100 5.916900 0.671681 0.723699 -0.158447 0.512451 -0.608315 -0.606092 -0.535013 0.325904 -0.779453
triangle
-10.488800 -13.807700 6.151100 0.642887 0.724660 -0.248121 0.501887 -0.643238 -0.578235 -0.578624 0.247211 -0.777226
-8.650210 -14.184400 8.644030 0.433978 0.745517 -0.505833 0.013483 -0.566772 -0.823764 -0.900823 0.350675 -0.256019
-8.334240 -14.574600 8.329540 0.501643 0.753935 -0.424188 0.578706 -0.656942 -0.483246 0.643003 0.003063 0.765857
triangle
-6.152930 -13.723700 10.475100 0.191476 0.716527 -0.670766 0.538257 -0.648135 -0.538702 -0.820742 -0.257896 -0.509778
-8.650210 -14.184400 8.644030 0.433978 0.745517 -0.505833 0.499600 -0.666369 -0.553491 0.749708 0.012511 0.661650
-8.938910 -13.809000 8.931380 0.482371 0.721593 -0.496609 0.744627 -0.039192 0.666330 0.461356 -0.691207 -0.556223
triangle
-8.650210 -14.184400 8.644030 0.433978 0.745517 -0.505833 0.457543 -0.666046 -0.589098 0.776091 -0.024215 0.630156
-5.918290 -14.110200 10.119000 0.223171 0.731792 -0.643953 0.615746 -0.617960 -0.488858 -0.755680 -0.287412 -0.588509
-8.334240 -14.574600 8.329540 0.501643 0.753935 -0.424188 0.267536 -0.601519 -0.752728 -0.822666 0.264116 -0.503452
triangle
-8.650210 -14.184400 8.644030 0.433978 0.745517 -0.505833 0.708638 -0.629175 -0.319329 0.556323 0.219871 0.801350
-6.152930 -13.723700 10.475100 0.191476 0.716527 -0.670766 0.561163 -0.640613 -0.524128 -0.805253 -0.276051 -0.524751
-5.918290 -14.110200 10.119000 0.223171 0.731792 -0.643953 0.547120 -0.640779 -0.538573 -0.806755 -0.232126 -0.543382
triangle
-6.152930 -13.723700 10.475100 0.191476 0.716527 -0.670766 0.464423 -0.668205 -0.581217 -0.864667 -0.200230 -0.460717
-8.938910 -13.809000 8.931380 0.482371 0.721593 -0.496609 -0.875830 0.407306 -0.258887 -0.015461 -0.559825 -0.828466
-6.367310 -13.352700 10.800400 0.164757 0.689889 -0.704917 0.531233 -0.664235 -0.525912 -0.831052 -0.287827 -0.475929
triangle
-3.200140 -12.867700 11.581800 0.006072 0.683105 -0.730295 0.433986 -0.659746 -0.613507 -0.900899 -0.313213 -0.300464
-6.152930 -13.723700 10.475100 0.191476 0.716527 -0.670766 -0.564975 -0.478371 -0.672283 0.802583 -0.507692 -0.313223
-6.367310 -13.352700 10.800400 0.164757 0.689889 -0.704917 -0.729276 -0.395983 -0.557991 0.664087 -0.606012 -0.437879
triangle
-6.152930 -13.723700 10.475100 0.191476 0.716527 -0.670766 -0.620533 -0.441117 -0.648347 0.760444 -0.540375 -0.360165
-3.073910 -13.251700 11.213800 0.025638 0.698366 -0.715281 0.500546 -0.628330 -0.595530 -0.865330 -0.342763 -0.365674
-5.918290 -14.110200 10.119000 0.223171 0.731792 -0.643953 -0.289976 -0.580867 -0.760596 0.930649 -0.356474 -0.082570
triangle
-6.152930 -13.723700 10.475100 0.191476 0.716527 -0.670766 0.973596 -0.052117 0.222249 0.124289 -0.695610 -0.707587
-3.200140 -12.867700 11.581800 0.006072 0.683105 -0.730295 0.513220 -0.628917 -0.584011 -0.858236 -0.371256 -0.354402
-3.073910 -13.251700 11.213800 0.025638 0.698366 -0.715281 0.478900 -0.636649 -0.604428 -0.877495 -0.327052 -0.350770
triangle
-3.073910 -13.251700 11.213800 0.025638 0.698366 -0.715281 0.485751 -0.634071 -0.601665 -0.873721 -0.332023 -0.355489
