triangle
-0.680103 -0.020133 -0.080543 -0.608538 -0.288604 0.706064 -0.769677 0.070561 -0.634522 -0.136615 0.952650 0.271651
-0.686871 -0.064100 -0.113887 -0.527964 -0.522984 0.647828 -0.832971 0.203579 -0.514504 -0.139160 0.822889 0.550897
-0.639271 -0.066852 -0.081337 -0.404758 -0.639247 0.630199 -0.900911 0.182030 -0.393985 -0.139270 0.738528 0.659682
triangle
-0.639234 -0.092789 -0.113454 -0.348177 -0.726436 0.586253 -0.786868 0.569324 0.238137 -0.508637 -0.379793 -0.772688
-0.626606 -0.084416 -0.097494 -0.267738 -0.749733 0.605158 -0.520102 -0.416254 -0.745806 -0.811056 0.514424 0.278490
-0.639271 -0.066852 -0.081337 -0.404758 -0.639247 0.630199 -0.900911 0.182030 -0.393985 -0.139270 0.738528 0.659682
triangle
-0.716620 0.016225 -0.113530 -0.653846 0.200472 0.700051 -0.738800 -0.068420 -0.670443 0.088394 0.976400 -0.197050
-0.716620 -0.016225 -0.113530 -0.653846 -0.200472 0.700051 -0.732693 0.013657 -0.680422 -0.129611 0.978699 0.159212
-0.680103 -0.020133 -0.080543 -0.608538 -0.288604 0.706064 -0.769677 0.070561 -0.634522 -0.136615 0.952650 0.271651
triangle
-0.716620 0.016225 -0.113530 -0.653846 0.200472 0.700051 -0.738800 -0.068420 -0.670443 0.088394 0.976400 -0.197050
-0.680103 -0.020133 -0.080543 -0.608538 -0.288604 0.706064 -0.769677 0.070561 -0.634522 -0.136615 0.952650 0.271651
-0.680103 0.020133 -0.080543 -0.608538 0.288604 0.706064 -0.769679 -0.070573 -0.634519 0.136605 0.952649 -0.271660
triangle
-0.686871 -0.064100 -0.113887 -0.527964 -0.522984 0.647828 -0.832971 0.203579 -0.514504 -0.139160 0.822889 0.550897
-0.680103 -0.020133 -0.080543 -0.608538 -0.288604 0.706064 -0.769677 0.070561 -0.634522 -0.136615 0.952650 0.271651
-0.716620 -0.016225 -0.113530 -0.653846 -0.200472 0.700051 -0.732693 0.013657 -0.680422 -0.129611 0.978699 0.159212
triangle
-0.716620 0.016225 -0.113530 -0.653846 0.200472 0.700051 -0.738800 -0.068420 -0.670443 0.088394 0.976400 -0.197050
-0.680103 0.020133 -0.080543 -0.608538 0.288604 0.706064 -0.769679 -0.070573 -0.634519 0.136605 0.952649 -0.271660
-0.686871 0.064100 -0.113887 -0.527964 0.522984 0.647828 -0.832956 -0.203491 -0.514563 0.139249 0.822911 -0.550842
triangle
-0.639271 0.066852 -0.081337 -0.404758 0.639247 0.630199 -0.864432 -0.500500 -0.047513 -0.289473 0.572764 -0.766907
-0.626606 0.084416 -0.097494 -0.267738 0.749733 0.605158 0.520820 -0.415798 0.745559 -0.810594 -0.514793 0.279151
-0.639234 0.092789 -0.113454 -0.348177 0.726436 0.586253 -0.786874 -0.569320 0.238128 0.508628 -0.379799 0.772690
triangle
-0.686871 0.064100 -0.113887 -0.527964 0.522984 0.647828 -0.832956 -0.203491 -0.514563 0.139249 0.822911 -0.550842
-0.639271 0.066852 -0.081337 -0.404758 0.639247 0.630199 -0.864432 -0.500500 -0.047513 -0.289473 0.572764 -0.766907
-0.639234 0.092789 -0.113454 -0.348177 0.726436 0.586253 -0.786874 -0.569320 0.238128 0.508628 -0.379799 0.772690
triangle
-0.639234 -0.092789 -0.113454 -0.348177 -0.726436 0.586253 -0.786868 0.569324 0.238137 -0.508637 -0.379793 -0.772688
-0.639271 -0.066852 -0.081337 -0.404758 -0.639247 0.630199 -0.900911 0.182030 -0.393985 -0.139270 0.738528 0.659682
-0.686871 -0.064100 -0.113887 -0.527964 -0.522984 0.647828 -0.832971 0.203579 -0.514504 -0.139160 0.822889 0.550897
triangle
-0.686871 0.064100 -0.113887 -0.527964 0.522984 0.647828 -0.832956 -0.203491 -0.514563 0.139249 0.822911 -0.550842
-0.680103 0.020133 -0.080543 -0.608538 0.288604 0.706064 -0.769679 -0.070573 -0.634519 0.136605 0.952649 -0.271660
-0.639271 0.066852 -0.081337 -0.404758 0.639247 0.630199 -0.864432 -0.500500 -0.047513 -0.289473 0.572764 -0.766907
triangle
0.459157 0.016297 -0.055307 -0.033496 0.961203 0.273802 -0.654389 0.185974 -0.732931 0.755415 0.203723 -0.622772
0.462260 0.005554 -0.017215 -0.043200 0.979092 0.165316 -0.633188 0.101617 -0.767298 0.772776 0.138671 -0.619344
0.721584 0.017817 -0.028539 0.036458 0.978170 0.079548 -0.651933 0.085571 -0.753432 0.757367 0.024836 -0.652517
triangle
0.459157 0.016297 -0.055307 -0.996700 0.000000 0.081172 -0.081172 -0.001690 -0.996699 0.000137 -0.999999 0.001684
0.459157 -0.016297 -0.055307 -0.996700 0.000000 0.081172 0.000004 -1.000000 0.000043 -0.081172 -0.000043 -0.996700
0.462260 -0.005554 -0.017215 -0.853866 0.000000 0.392166 -0.417367 -0.000001 -0.908738 0.000000 -1.000000 0.000001
triangle
0.459157 0.016297 -0.055307 -0.996700 0.000000 0.081172 -0.081172 -0.001690 -0.996699 0.000137 -0.999999 0.001684
0.462260 -0.005554 -0.017215 -0.853866 0.000000 0.392166 -0.417367 -0.000001 -0.908738 0.000000 -1.000000 0.000001
0.462260 0.005554 -0.017215 -0.853866 0.000000 0.392166 -0.417367 0.000000 -0.908738 -0.000000 -1.000000 -0.000000
triangle
0.941512 0.008633 0.374912 0.000000 0.000000 1.000000 -1.000000 -0.000007 0.000000 -0.000007 1.000000 -0.000000
0.941512 -0.008633 0.374912 0.000000 0.000000 1.000000 -1.000000 0.000001 0.000000 0.000001 1.000000 -0.000000
1.000000 0.000000 0.374912 0.000000 0.000000 1.000000 -0.999999 -0.001590 0.000000 -0.001590 0.999999 -0.000000
triangle
0.941512 -0.008633 0.374912 0.071435 -0.986653 -0.017579 -0.644124 -0.033020 -0.764208 -0.761506 -0.066621 0.644725
0.850045 -0.001636 0.374912 -0.052904 -0.996981 0.056829 -0.652702 -0.008547 -0.757566 -0.755765 0.077171 0.650280
0.462260 -0.005554 -0.017215 -0.043200 -0.979092 0.165316 -0.665609 -0.095603 -0.740152 -0.745034 0.142883 0.651543
triangle
0.941512 -0.008633 0.374912 0.071435 -0.986653 -0.017579 -0.644124 -0.033020 -0.764208 -0.761506 -0.066621 0.644725
0.462260 -0.005554 -0.017215 -0.043200 -0.979092 0.165316 -0.665609 -0.095603 -0.740152 -0.745034 0.142883 0.651543
0.721584 -0.017817 -0.028539 0.036458 -0.978170 0.079548 -0.651932 -0.085571 -0.753434 -0.757368 0.024836 0.652515
triangle
0.721584 0.017817 -0.028539 0.036458 0.978170 0.079548 -0.651933 0.085571 -0.753432 0.757367 0.024836 -0.652517
0.462260 0.005554 -0.017215 -0.043200 0.979092 0.165316 -0.633188 0.101617 -0.767298 0.772776 0.138671 -0.619344
0.850045 0.001636 0.374912 -0.052904 0.996981 0.056829 -0.656840 0.008124 -0.753987 0.752172 0.077217 -0.654427
triangle
0.721584 0.017817 -0.028539 0.036458 0.978170 0.079548 -0.651933 0.085571 -0.753432 0.757367 0.024836 -0.652517
0.850045 0.001636 0.374912 -0.052904 0.996981 0.056829 -0.656840 0.008124 -0.753987 0.752172 0.077217 -0.654427
0.941512 0.008633 0.374912 0.071435 0.986653 -0.017579 -0.644124 0.033020 -0.764208 0.761506 -0.066621 -0.644725
triangle
0.850045 0.001636 0.374912 -0.355516 0.000000 0.851580 -0.922810 0.000861 -0.385253 0.000794 1.000000 0.000332
0.850045 -0.001636 0.374912 -0.355516 0.000000 0.851580 -0.922811 0.000000 -0.385254 0.000000 1.000000 0.000000
0.941512 -0.008633 0.374912 0.000000 0.000000 1.000000 -1.000000 0.000001 0.000000 0.000001 1.000000 -0.000000
triangle
0.850045 0.001636 0.374912 -0.355516 0.000000 0.851580 -0.922810 0.000861 -0.385253 0.000794 1.000000 0.000332
0.941512 -0.008633 0.374912 0.000000 0.000000 1.000000 -1.000000 0.000001 0.000000 0.000001 1.000000 -0.000000
0.941512 0.008633 0.374912 0.000000 0.000000 1.000000 -1.000000 -0.000007 0.000000 -0.000007 1.000000 -0.000000
triangle
0.462260 0.005554 -0.017215 -0.853866 0.000000 0.392166 -0.417367 0.000000 -0.908738 -0.000000 -1.000000 -0.000000
0.462260 -0.005554 -0.017215 -0.853866 0.000000 0.392166 -0.417367 -0.000001 -0.908738 0.000000 -1.000000 0.000001
0.850045 -0.001636 0.374912 -0.355516 0.000000 0.851580 -0.922811 0.000000 -0.385254 0.000000 1.000000 0.000000
triangle
0.462260 0.005554 -0.017215 -0.853866 0.000000 0.392166 -0.417367 0.000000 -0.908738 -0.000000 -1.000000 -0.000000
0.850045 -0.001636 0.374912 -0.355516 0.000000 0.851580 -0.922811 0.000000 -0.385254 0.000000 1.000000 0.000000
0.850045 0.001636 0.374912 -0.355516 0.000000 0.851580 -0.922810 0.000861 -0.385253 0.000794 1.000000 0.000332
triangle
0.825149 0.000000 0.035624 0.195775 0.976325 -0.091987 -0.620146 0.050595 -0.782854 0.759665 -0.210308 -0.615369
0.721584 0.017817 -0.028539 0.036458 0.978170 0.079548 -0.651933 0.085571 -0.753432 0.757367 0.024836 -0.652517
0.941512 0.008633 0.374912 0.071435 0.986653 -0.017579 -0.644124 0.033020 -0.764208 0.761506 -0.066621 -0.644725
triangle
0.825149 0.000000 0.035624 0.195775 0.976325 -0.091987 -0.620146 0.050595 -0.782854 0.759665 -0.210308 -0.615369
0.941512 0.008633 0.374912 0.071435 0.986653 -0.017579 -0.644124 0.033020 -0.764208 0.761506 -0.066621 -0.644725
1.000000 0.000000 0.374912 0.195775 0.976325 -0.091987 -0.358554 -0.016041 -0.933371 0.912749 -0.215713 -0.346925
triangle
0.721584 -0.017817 -0.028539 0.036458 -0.978170 0.079548 -0.651932 -0.085571 -0.753434 -0.757368 0.024836 0.652515
0.462260 -0.005554 -0.017215 -0.043200 -0.979092 0.165316 -0.665609 -0.095603 -0.740152 -0.745034 0.142883 0.651543
0.459157 -0.016297 -0.055307 -0.033496 -0.961203 0.273802 -0.677173 -0.179660 -0.713553 -0.735061 0.209312 0.644883
triangle
1.000000 0.000000 0.374912 0.195775 -0.976325 -0.091987 -0.620142 -0.050594 -0.782857 -0.759669 -0.210309 0.615365
0.941512 -0.008633 0.374912 0.071435 -0.986653 -0.017579 -0.644124 -0.033020 -0.764208 -0.761506 -0.066621 0.644725
0.721584 -0.017817 -0.028539 0.036458 -0.978170 0.079548 -0.651932 -0.085571 -0.753434 -0.757368 0.024836 0.652515
triangle
1.000000 0.000000 0.374912 0.195775 -0.976325 -0.091987 -0.620142 -0.050594 -0.782857 -0.759669 -0.210309 0.615365
0.721584 -0.017817 -0.028539 0.036458 -0.978170 0.079548 -0.651932 -0.085571 -0.753434 -0.757368 0.024836 0.652515
0.825149 0.000000 0.035624 0.195775 -0.976325 -0.091987 0.932775 0.156446 0.324740 -0.302660 -0.149379 0.941320
triangle
0.721865 -0.073366 -0.011933 0.999958 0.000585 -0.006492 0.000796 -0.999474 0.032427 -0.006470 -0.032432 -0.999453
0.721865 -0.118965 -0.000497 1.000000 0.000000 0.000000 0.000000 -0.077818 -0.996968 0.000000 -0.996968 0.077818
0.721865 -0.156397 -0.019419 0.999971 0.001035 -0.004785 0.001362 -0.997637 0.068689 -0.004702 -0.068695 -0.997627
triangle
0.745138 0.178360 -0.334663 0.039844 0.974744 -0.069031 -0.941439 0.061956 0.331441 -0.334712 -0.052948 -0.940832
0.721865 0.177345 -0.362430 0.039844 0.974744 -0.069031 -0.941439 0.061956 0.331441 -0.334712 -0.052948 -0.940832
0.721865 0.164697 -0.167378 -0.119858 0.990710 0.064241 -0.966020 -0.131307 0.222629 -0.228996 0.035374 -0.972784
triangle
0.721520 0.068688 -0.104145 0.999995 -0.002513 -0.000778 0.002616 0.917953 0.396681 -0.000283 -0.396682 0.917956
0.721865 0.205534 -0.088838 0.999996 -0.001970 -0.000645 0.002053 0.983984 0.178248 0.000283 -0.178248 0.983985
0.721620 0.034342 -0.044662 0.999997 -0.001117 0.000110 -0.001119 -0.999767 0.021559 0.000086 -0.021559 -0.999768
triangle
0.721865 -0.194373 -0.130761 0.999994 0.002895 0.001102 0.002859 -0.999502 0.031428 0.001193 -0.031424 -0.999505
0.721420 -0.034339 -0.163637 0.997673 0.002029 0.040151 -0.001987 -0.995021 0.099651 0.040214 -0.099650 -0.994210
0.721520 -0.068688 -0.104149 0.999995 0.002514 -0.000778 0.002627 -0.935185 0.354150 0.000163 -0.354151 -0.935188
triangle
0.721865 0.164697 -0.167378 0.992353 0.000232 0.112834 -0.002666 -0.999671 0.025506 0.112945 -0.025644 -0.993270
0.725943 0.042253 -0.196297 0.990240 0.000000 0.139375 -0.056838 -0.913067 0.403829 0.127259 -0.407809 -0.904155
0.725943 0.110940 -0.196295 0.990245 0.000171 0.139336 -0.054326 -0.920384 0.387223 0.128309 -0.391015 -0.911397
triangle
0.721584 -0.017817 -0.028539 0.905314 0.000854 -0.172233 -0.001472 -0.999918 -0.012695 -0.186891 0.012746 -0.982298
0.721584 0.017817 -0.028539 0.905314 -0.000854 -0.172232 0.002841 -0.999798 0.019887 -0.186875 -0.020068 -0.982179
0.825149 0.000000 0.035624 0.526660 0.000000 -0.850076 0.000003 -1.000000 0.000002 -0.850076 -0.000004 -0.526661
triangle
0.725943 -0.110940 -0.196295 0.990245 -0.000171 0.139336 -0.049148 0.935295 0.350439 -0.130381 -0.353868 0.926163
0.725943 -0.042253 -0.196297 0.990240 -0.000000 0.139375 -0.000000 -1.000000 -0.000001 0.139375 0.000001 -0.990240
0.721865 -0.164697 -0.167378 0.992353 -0.000233 0.112834 0.001570 -0.999873 -0.015866 0.112965 0.015942 -0.993471
triangle
0.721865 -0.194373 -0.130761 0.999994 0.002895 0.001102 0.002859 -0.999502 0.031428 0.001193 -0.031424 -0.999505
0.721520 -0.068688 -0.104149 0.999995 0.002514 -0.000778 0.002627 -0.935185 0.354150 0.000163 -0.354151 -0.935188
0.721865 -0.205534 -0.088838 0.999996 0.001970 -0.000645 0.002054 -0.983982 0.178258 -0.000284 -0.178259 -0.983984
triangle
0.721620 0.034342 -0.044662 0.999997 -0.001117 0.000110 -0.001119 -0.999767 0.021559 0.000086 -0.021559 -0.999768
0.721865 0.205534 -0.088838 0.999996 -0.001970 -0.000645 0.002053 0.983984 0.178248 0.000283 -0.178248 0.983985
0.721584 0.017817 -0.028539 0.905314 -0.000854 -0.172232 0.002841 -0.999798 0.019887 -0.186875 -0.020068 -0.982179
triangle
0.721520 0.068688 -0.104145 0.999995 -0.002513 -0.000778 0.002616 0.917953 0.396681 -0.000283 -0.396682 0.917956
0.721865 0.194373 -0.130761 0.999994 -0.002894 0.001101 -0.002911 -0.999876 0.015492 0.001056 -0.015495 -0.999879
0.721865 0.205534 -0.088838 0.999996 -0.001970 -0.000645 0.002053 0.983984 0.178248 0.000283 -0.178248 0.983985
triangle
0.721865 -0.194373 -0.130761 0.999994 0.002895 0.001102 0.002859 -0.999502 0.031428 0.001193 -0.031424 -0.999505
0.721865 -0.164697 -0.167378 0.992353 -0.000233 0.112834 0.001570 -0.999873 -0.015866 0.112965 0.015942 -0.993471
0.721420 -0.034339 -0.163637 0.997673 0.002029 0.040151 -0.001987 -0.995021 0.099651 0.040214 -0.099650 -0.994210
triangle
0.721865 0.164697 -0.167378 0.992353 0.000232 0.112834 -0.002666 -0.999671 0.025506 0.112945 -0.025644 -0.993270
0.725943 0.110940 -0.196295 0.990245 0.000171 0.139336 -0.054326 -0.920384 0.387223 0.128309 -0.391015 -0.911397
0.734201 0.145286 -0.255202 0.990402 0.002414 0.138187 -0.006917 -0.997729 0.067008 0.138035 -0.067320 -0.988137
triangle
0.745138 -0.178360 -0.334663 0.991034 -0.001725 0.133518 -0.025226 0.979491 0.199901 -0.131126 -0.201479 0.970676
0.742459 -0.110946 -0.314113 0.991062 -0.001260 0.133328 -0.075177 -0.831141 0.550957 -0.110121 0.556061 0.823814
0.734201 -0.145286 -0.255202 0.990402 -0.002414 0.138187 -0.008878 0.996671 0.081045 -0.137923 -0.081494 0.987085
triangle
0.734201 -0.145286 -0.255202 0.990402 -0.002414 0.138187 -0.008878 0.996671 0.081045 -0.137923 -0.081494 0.987085
0.725943 -0.110940 -0.196295 0.990245 -0.000171 0.139336 -0.049148 0.935295 0.350439 -0.130381 -0.353868 0.926163
0.721865 -0.164697 -0.167378 0.992353 -0.000233 0.112834 0.001570 -0.999873 -0.015866 0.112965 0.015942 -0.993471
triangle
0.721865 -0.205534 -0.088838 0.999996 0.001970 -0.000645 0.002054 -0.983982 0.178258 -0.000284 -0.178259 -0.983984
0.721520 -0.068688 -0.104149 0.999995 0.002514 -0.000778 0.002627 -0.935185 0.354150 0.000163 -0.354151 -0.935188
0.721620 -0.034345 -0.044664 0.999997 0.001117 0.000109 0.001087 -0.988165 0.153394 0.000279 -0.153394 -0.988165
triangle
0.742459 0.110946 -0.314113 0.991062 0.001260 0.133328 0.073535 -0.839299 -0.538674 -0.111224 -0.543668 0.831898
0.745138 0.178360 -0.334663 0.991034 0.001725 0.133518 -0.020248 -0.986413 0.163034 0.131986 -0.164278 -0.977544
0.734201 0.145286 -0.255202 0.990402 0.002414 0.138187 -0.006917 -0.997729 0.067008 0.138035 -0.067320 -0.988137
triangle
0.721865 -0.177345 -0.362430 0.039844 -0.974744 -0.069031 -0.972075 -0.055877 0.227920 0.231106 -0.059327 0.971118
0.875675 -0.149727 -0.341605 0.199547 -0.958777 -0.202303 -0.927624 -0.251359 0.276283 0.315744 -0.132530 0.939543
0.745138 -0.178360 -0.334663 0.039844 -0.974744 -0.069031 -0.972075 -0.055877 0.227920 0.231106 -0.059327 0.971118
triangle
0.745138 -0.178360 -0.334663 0.053105 0.000000 0.998589 0.000014 1.000000 -0.000001 -0.998589 0.000014 0.053105
0.875675 -0.149727 -0.341605 0.053105 0.000000 0.998589 0.000014 1.000000 -0.000001 -0.998589 0.000014 0.053105
0.875675 0.149727 -0.341605 0.053105 0.000000 0.998589 0.000014 1.000000 -0.000001 -0.998589 0.000014 0.053105
triangle
0.745138 -0.178360 -0.334663 0.053105 0.000000 0.998589 0.000014 1.000000 -0.000001 -0.998589 0.000014 0.053105
0.875675 0.149727 -0.341605 0.053105 0.000000 0.998589 0.000014 1.000000 -0.000001 -0.998589 0.000014 0.053105
0.745138 0.178360 -0.334663 0.053105 0.000000 0.998589 0.000014 1.000000 -0.000001 -0.998589 0.000014 0.053105
triangle
0.721584 -0.017817 -0.028539 0.905314 0.000854 -0.172233 -0.001472 -0.999918 -0.012695 -0.186891 0.012746 -0.982298
0.721865 -0.073366 -0.011933 0.999958 0.000585 -0.006492 0.000796 -0.999474 0.032427 -0.006470 -0.032432 -0.999453
0.721865 -0.156397 -0.019419 0.999971 0.001035 -0.004785 0.001362 -0.997637 0.068689 -0.004702 -0.068695 -0.997627
triangle
0.721865 0.156397 -0.019419 0.999971 -0.001035 -0.004785 -0.001070 -0.999973 -0.007292 -0.004777 0.007297 -0.999962
0.721865 0.118965 -0.000497 1.000000 0.000000 0.000000 0.000000 -0.109921 0.993940 -0.000000 0.993940 0.109921
0.721865 0.073366 -0.011933 0.999958 -0.000585 -0.006492 -0.000607 -0.999994 -0.003288 -0.006490 0.003292 -0.999974
triangle
0.721865 -0.164697 -0.167378 -0.119858 -0.990710 0.064241 -0.914521 0.135360 0.381221 0.386375 0.013057 0.922249
0.721865 -0.177345 -0.362430 0.039844 -0.974744 -0.069031 -0.972075 -0.055877 0.227920 0.231106 -0.059327 0.971118
0.745138 -0.178360 -0.334663 0.039844 -0.974744 -0.069031 -0.972075 -0.055877 0.227920 0.231106 -0.059327 0.971118
triangle
0.721584 -0.017817 -0.028539 0.905314 0.000854 -0.172233 -0.001472 -0.999918 -0.012695 -0.186891 0.012746 -0.982298
0.721865 -0.156397 -0.019419 0.999971 0.001035 -0.004785 0.001362 -0.997637 0.068689 -0.004702 -0.068695 -0.997627
0.721865 -0.205534 -0.088838 0.999996 0.001970 -0.000645 0.002054 -0.983982 0.178258 -0.000284 -0.178259 -0.983984
triangle
0.721420 0.034348 -0.163632 0.997673 -0.002030 0.040150 -0.002449 -0.999944 0.010286 0.040188 -0.010376 -0.999138
0.721865 0.194373 -0.130761 0.999994 -0.002894 0.001101 -0.002911 -0.999876 0.015492 0.001056 -0.015495 -0.999879
0.721520 0.068688 -0.104145 0.999995 -0.002513 -0.000778 0.002616 0.917953 0.396681 -0.000283 -0.396682 0.917956
triangle
0.721865 -0.164697 -0.167378 0.992353 -0.000233 0.112834 0.001570 -0.999873 -0.015866 0.112965 0.015942 -0.993471
0.721865 0.164697 -0.167378 0.992353 0.000232 0.112834 -0.002666 -0.999671 0.025506 0.112945 -0.025644 -0.993270
0.721420 0.034348 -0.163632 0.997673 -0.002030 0.040150 -0.002449 -0.999944 0.010286 0.040188 -0.010376 -0.999138
triangle
0.721865 -0.164697 -0.167378 0.992353 -0.000233 0.112834 0.001570 -0.999873 -0.015866 0.112965 0.015942 -0.993471
0.721420 0.034348 -0.163632 0.997673 -0.002030 0.040150 -0.002449 -0.999944 0.010286 0.040188 -0.010376 -0.999138
0.721420 -0.034339 -0.163637 0.997673 0.002029 0.040151 -0.001987 -0.995021 0.099651 0.040214 -0.099650 -0.994210
triangle
0.721865 0.164697 -0.167378 0.992353 0.000232 0.112834 -0.002666 -0.999671 0.025506 0.112945 -0.025644 -0.993270
0.734201 0.145286 -0.255202 0.990402 0.002414 0.138187 -0.006917 -0.997729 0.067008 0.138035 -0.067320 -0.988137
0.745138 0.178360 -0.334663 0.991034 0.001725 0.133518 -0.020248 -0.986413 0.163034 0.131986 -0.164278 -0.977544
triangle
0.745138 -0.178360 -0.334663 0.991034 -0.001725 0.133518 -0.025226 0.979491 0.199901 -0.131126 -0.201479 0.970676
0.745138 0.178360 -0.334663 0.991034 0.001725 0.133518 -0.020248 -0.986413 0.163034 0.131986 -0.164278 -0.977544
0.742460 0.042259 -0.314118 0.991179 0.000000 0.132455 -0.000005 -1.000000 0.000040 -0.132456 0.000040 0.991189
triangle
0.745138 -0.178360 -0.334663 0.991034 -0.001725 0.133518 -0.025226 0.979491 0.199901 -0.131126 -0.201479 0.970676
0.742460 0.042259 -0.314118 0.991179 0.000000 0.132455 -0.000005 -1.000000 0.000040 -0.132456 0.000040 0.991189
0.742460 -0.042259 -0.314118 0.991179 -0.000000 0.132455 -0.078111 -0.807612 0.584519 -0.106973 0.589715 0.800496
triangle
0.721865 0.164697 -0.167378 0.992353 0.000232 0.112834 -0.002666 -0.999671 0.025506 0.112945 -0.025644 -0.993270
0.721865 -0.164697 -0.167378 0.992353 -0.000233 0.112834 0.001570 -0.999873 -0.015866 0.112965 0.015942 -0.993471
0.725943 -0.042253 -0.196297 0.990240 -0.000000 0.139375 -0.000000 -1.000000 -0.000001 0.139375 0.000001 -0.990240
triangle
0.721865 0.164697 -0.167378 0.992353 0.000232 0.112834 -0.002666 -0.999671 0.025506 0.112945 -0.025644 -0.993270
0.725943 -0.042253 -0.196297 0.990240 -0.000000 0.139375 -0.000000 -1.000000 -0.000001 0.139375 0.000001 -0.990240
0.725943 0.042253 -0.196297 0.990240 0.000000 0.139375 -0.056838 -0.913067 0.403829 0.127259 -0.407809 -0.904155
triangle
0.721865 -0.205534 -0.088838 0.999996 0.001970 -0.000645 0.002054 -0.983982 0.178258 -0.000284 -0.178259 -0.983984
0.721620 -0.034345 -0.044664 0.999997 0.001117 0.000109 0.001087 -0.988165 0.153394 0.000279 -0.153394 -0.988165
0.721584 -0.017817 -0.028539 0.905314 0.000854 -0.172233 -0.001472 -0.999918 -0.012695 -0.186891 0.012746 -0.982298
triangle
0.742460 0.042259 -0.314118 0.991179 0.000000 0.132455 -0.000005 -1.000000 0.000040 -0.132456 0.000040 0.991189
0.745138 0.178360 -0.334663 0.991034 0.001725 0.133518 -0.020248 -0.986413 0.163034 0.131986 -0.164278 -0.977544
0.742459 0.110946 -0.314113 0.991062 0.001260 0.133328 0.073535 -0.839299 -0.538674 -0.111224 -0.543668 0.831898
triangle
0.721420 0.034348 -0.163632 0.997673 -0.002030 0.040150 -0.002449 -0.999944 0.010286 0.040188 -0.010376 -0.999138
0.721865 0.164697 -0.167378 0.992353 0.000232 0.112834 -0.002666 -0.999671 0.025506 0.112945 -0.025644 -0.993270
0.721865 0.194373 -0.130761 0.999994 -0.002894 0.001101 -0.002911 -0.999876 0.015492 0.001056 -0.015495 -0.999879
triangle
0.742460 0.042259 -0.314118 0.991179 0.000000 0.132455 -0.000005 -1.000000 0.000040 -0.132456 0.000040 0.991189
0.734201 0.007910 -0.255206 0.990316 0.000000 0.138828 0.002757 -0.999803 -0.019664 0.138801 0.019857 -0.990121
0.734201 -0.007910 -0.255206 0.990316 0.000000 0.138828 0.000516 -0.999993 -0.003679 0.138827 0.003715 -0.990310
triangle
0.742460 0.042259 -0.314118 0.991179 0.000000 0.132455 -0.000005 -1.000000 0.000040 -0.132456 0.000040 0.991189
0.734201 -0.007910 -0.255206 0.990316 0.000000 0.138828 0.000516 -0.999993 -0.003679 0.138827 0.003715 -0.990310
0.742460 -0.042259 -0.314118 0.991179 -0.000000 0.132455 -0.078111 -0.807612 0.584519 -0.106973 0.589715 0.800496
triangle
0.745138 -0.178360 -0.334663 0.991034 -0.001725 0.133518 -0.025226 0.979491 0.199901 -0.131126 -0.201479 0.970676
0.734201 -0.145286 -0.255202 0.990402 -0.002414 0.138187 -0.008878 0.996671 0.081045 -0.137923 -0.081494 0.987085
0.721865 -0.164697 -0.167378 0.992353 -0.000233 0.112834 0.001570 -0.999873 -0.015866 0.112965 0.015942 -0.993471
triangle
0.745138 -0.178360 -0.334663 0.991034 -0.001725 0.133518 -0.025226 0.979491 0.199901 -0.131126 -0.201479 0.970676
0.742460 -0.042259 -0.314118 0.991179 -0.000000 0.132455 -0.078111 -0.807612 0.584519 -0.106973 0.589715 0.800496
0.742459 -0.110946 -0.314113 0.991062 -0.001260 0.133328 -0.075177 -0.831141 0.550957 -0.110121 0.556061 0.823814
triangle
0.725943 -0.042253 -0.196297 0.990240 -0.000000 0.139375 -0.000000 -1.000000 -0.000001 0.139375 0.000001 -0.990240
0.734201 -0.007910 -0.255206 0.990316 0.000000 0.138828 0.000516 -0.999993 -0.003679 0.138827 0.003715 -0.990310
0.734201 0.007910 -0.255206 0.990316 0.000000 0.138828 0.002757 -0.999803 -0.019664 0.138801 0.019857 -0.990121
triangle
0.725943 -0.042253 -0.196297 0.990240 -0.000000 0.139375 -0.000000 -1.000000 -0.000001 0.139375 0.000001 -0.990240
0.734201 0.007910 -0.255206 0.990316 0.000000 0.138828 0.002757 -0.999803 -0.019664 0.138801 0.019857 -0.990121
0.725943 0.042253 -0.196297 0.990240 0.000000 0.139375 -0.056838 -0.913067 0.403829 0.127259 -0.407809 -0.904155
triangle
0.721584 -0.017817 -0.028539 0.905314 0.000854 -0.172233 -0.001472 -0.999918 -0.012695 -0.186891 0.012746 -0.982298
0.721620 -0.034345 -0.044664 0.999997 0.001117 0.000109 0.001087 -0.988165 0.153394 0.000279 -0.153394 -0.988165
0.721620 0.034342 -0.044662 0.999997 -0.001117 0.000110 -0.001119 -0.999767 0.021559 0.000086 -0.021559 -0.999768
triangle
0.721584 -0.017817 -0.028539 0.905314 0.000854 -0.172233 -0.001472 -0.999918 -0.012695 -0.186891 0.012746 -0.982298
0.721620 0.034342 -0.044662 0.999997 -0.001117 0.000110 -0.001119 -0.999767 0.021559 0.000086 -0.021559 -0.999768
0.721584 0.017817 -0.028539 0.905314 -0.000854 -0.172232 0.002841 -0.999798 0.019887 -0.186875 -0.020068 -0.982179
triangle
0.721584 0.017817 -0.028539 0.905314 -0.000854 -0.172232 0.002841 -0.999798 0.019887 -0.186875 -0.020068 -0.982179
0.721865 0.205534 -0.088838 0.999996 -0.001970 -0.000645 0.002053 0.983984 0.178248 0.000283 -0.178248 0.983985
0.721865 0.156397 -0.019419 0.999971 -0.001035 -0.004785 -0.001070 -0.999973 -0.007292 -0.004777 0.007297 -0.999962
triangle
0.745138 0.178360 -0.334663 0.039844 0.974744 -0.069031 -0.941439 0.061956 0.331441 -0.334712 -0.052948 -0.940832
0.875675 0.149727 -0.341605 0.199547 0.958777 -0.202303 0.932979 -0.249015 -0.259890 0.299553 0.136884 0.944209
0.721865 0.177345 -0.362430 0.039844 0.974744 -0.069031 -0.941439 0.061956 0.331441 -0.334712 -0.052948 -0.940832
triangle
0.721584 0.017817 -0.028539 0.905314 -0.000854 -0.172232 0.002841 -0.999798 0.019887 -0.186875 -0.020068 -0.982179
0.721865 0.156397 -0.019419 0.999971 -0.001035 -0.004785 -0.001070 -0.999973 -0.007292 -0.004777 0.007297 -0.999962
0.721865 0.073366 -0.011933 0.999958 -0.000585 -0.006492 -0.000607 -0.999994 -0.003288 -0.006490 0.003292 -0.999974
triangle
-0.591624 0.088824 -0.088368 -0.104668 0.696005 0.692694 -0.993495 -0.104601 -0.045019 -0.041643 0.701654 -0.711300
0.205792 0.084598 -0.074599 -0.007278 0.506940 0.851232 -0.998476 -0.050747 0.021684 -0.054695 0.857688 -0.511253
0.205792 0.119121 -0.097567 -0.017129 0.641367 0.756685 -0.991767 -0.107884 0.068992 -0.126889 0.755257 -0.643029
triangle
-0.639234 0.092789 -0.113454 -0.300196 0.721319 0.618464 -0.909332 -0.022209 -0.415478 0.286975 0.689560 -0.664945
-0.626606 0.084416 -0.097494 -0.247218 0.737821 0.626821 -0.966900 -0.229843 -0.110801 -0.062369 0.633972 -0.770837
-0.591585 0.117110 -0.123287 -0.182274 0.737878 0.637784 -0.982551 -0.158261 -0.097707 -0.029068 0.649533 -0.759778
triangle
-0.686871 -0.064100 -0.113887 -0.386700 -0.423405 0.791172 -0.912752 0.088338 -0.398850 -0.101303 0.896900 0.430474
-0.843470 -0.032667 -0.176018 -0.426077 -0.297148 0.839745 -0.901981 0.127841 -0.412417 -0.015388 0.945038 0.326599
-0.843470 -0.071187 -0.197578 -0.402148 -0.588799 0.680538 -0.909680 0.201712 -0.363034 -0.077594 0.776191 0.625705
triangle
-0.686835 0.100346 -0.146839 -0.331816 0.679600 0.650322 -0.931140 -0.127817 -0.341528 0.149363 0.720714 -0.676950
-0.686871 0.064100 -0.113887 -0.386700 0.423405 0.791172 -0.912547 -0.086545 -0.399709 0.103126 0.897075 -0.429676
-0.639234 0.092789 -0.113454 -0.300196 0.721319 0.618464 -0.909332 -0.022209 -0.415478 0.286975 0.689560 -0.664945
triangle
0.459157 -0.061134 -0.064428 -0.124947 -0.097742 0.946213 -0.983402 0.140020 -0.115394 0.126337 0.984894 0.118421
0.721865 -0.073366 -0.011933 -0.177483 0.260237 0.948844 -0.951017 0.202634 -0.233465 0.253084 0.944026 -0.211576
0.721584 -0.017817 -0.028539 -0.138016 0.041420 0.959224 -0.719548 -0.690520 -0.073714 0.679710 -0.722052 0.128978
triangle
-0.921735 0.041386 -0.226927 -0.542263 0.543345 0.609506 -0.826612 -0.272790 -0.492238 0.103233 0.786325 -0.609127
-1.000000 0.000000 -0.275326 -0.626823 -0.105728 0.686541 -0.741652 0.146661 -0.654555 0.033649 0.982711 0.182061
-0.921735 0.018992 -0.213991 -0.540826 0.278185 0.773558 -0.831531 -0.094459 -0.547388 0.080493 0.954544 -0.286996
triangle
-0.843470 0.032667 -0.176018 -0.426077 0.297148 0.839745 -0.900731 -0.091589 -0.424611 0.049888 0.949237 -0.310580
-0.843470 0.071187 -0.197578 -0.402148 0.588799 0.680538 -0.907507 -0.182639 -0.378252 0.099853 0.780899 -0.616625
-0.921735 0.041386 -0.226927 -0.542263 0.543345 0.609506 -0.826612 -0.272790 -0.492238 0.103233 0.786325 -0.609127
triangle
-0.843470 0.032667 -0.176018 -0.426077 0.297148 0.839745 -0.900731 -0.091589 -0.424611 0.049888 0.949237 -0.310580
-0.921735 0.041386 -0.226927 -0.542263 0.543345 0.609506 -0.826612 -0.272790 -0.492238 0.103233 0.786325 -0.609127
-0.921735 0.018992 -0.213991 -0.540826 0.278185 0.773558 -0.831531 -0.094459 -0.547388 0.080493 0.954544 -0.286996
triangle
-0.639234 0.092789 -0.113454 -0.300196 0.721319 0.618464 -0.909332 -0.022209 -0.415478 0.286975 0.689560 -0.664945
-0.591585 0.117110 -0.123287 -0.182274 0.737878 0.637784 -0.982551 -0.158261 -0.097707 -0.029068 0.649533 -0.759778
-0.639211 0.109205 -0.134295 -0.282193 0.718784 0.632939 -0.931336 -0.047737 -0.361020 0.229638 0.692432 -0.683963
triangle
0.205792 0.144379 -0.163193 -0.001463 0.999758 0.015098 0.468191 0.014027 -0.883516 -0.883626 0.005777 -0.468158
0.205792 0.143483 -0.134983 -0.007293 0.948565 0.231649 -0.999538 -0.000261 -0.030397 0.029467 0.237349 -0.970977
0.459157 0.143412 -0.129699 -0.130532 0.940884 0.120458 -0.981029 -0.116238 -0.155149 0.137833 0.144568 -0.979848
triangle
0.205792 0.144379 -0.163193 -0.001463 0.999758 0.015098 0.468191 0.014027 -0.883516 -0.883626 0.005777 -0.468158
0.459157 0.143412 -0.129699 -0.130532 0.940884 0.120458 -0.981029 -0.116238 -0.155149 0.137833 0.144568 -0.979848
0.459157 0.143413 -0.168711 -0.066994 0.950277 -0.108001 0.975358 0.044196 -0.216156 -0.209270 -0.124977 -0.969839
triangle
-1.000000 0.000000 -0.275326 -0.626823 -0.105728 0.686541 -0.741652 0.146661 -0.654555 0.033649 0.982711 0.182061
-0.921735 -0.048271 -0.236401 -0.529954 -0.750921 0.346545 0.814006 -0.366518 0.450620 0.215183 -0.530308 -0.820043
-0.921735 -0.041386 -0.226927 -0.542263 -0.543345 0.609506 0.828248 -0.286125 0.481806 0.089159 -0.781572 -0.617411
triangle
-0.639290 -0.136116 -0.319423 -0.138833 -0.986385 0.001283 -0.987780 0.139121 0.070263 0.069756 -0.008521 0.997528
-0.591540 -0.141501 -0.162423 -0.066514 -0.948674 0.185652 -0.997456 0.063657 -0.032081 -0.019213 0.193315 0.980949
-0.639290 -0.137820 -0.178069 -0.200848 -0.920891 0.217873 -0.976492 0.188046 -0.105366 -0.057950 0.241798 0.968595
triangle
0.205853 -0.147005 -0.277560 -0.002163 -0.999816 0.007664 -0.997319 0.001597 -0.073163 0.073148 -0.007803 -0.997291
0.447319 -0.147005 -0.310802 -0.043474 -0.997131 0.037579 -0.996107 0.046257 0.075040 -0.076656 -0.034212 -0.996471
0.459157 -0.143413 -0.168711 -0.041412 -0.997726 0.022125 -0.646082 0.043715 0.762015 -0.762141 0.017282 -0.647180
triangle
0.205853 -0.147005 -0.277560 -0.002163 -0.999816 0.007664 -0.997319 0.001597 -0.073163 0.073148 -0.007803 -0.997291
0.459157 -0.143413 -0.168711 -0.041412 -0.997726 0.022125 -0.646082 0.043715 0.762015 -0.762141 0.017282 -0.647180
0.205792 -0.144379 -0.163193 -0.001463 -0.999758 0.015098 -0.997803 0.002460 0.066202 0.066232 0.014970 0.997692
triangle
0.459157 -0.130533 -0.102427 -0.167783 -0.771036 0.573948 -0.984758 0.122046 -0.123921 -0.026133 0.600563 0.799151
0.721865 -0.156397 -0.019419 -0.279737 -0.620111 0.709184 -0.958629 0.186969 -0.214645 -0.000517 0.752901 0.658133
0.459157 -0.117945 -0.091479 -0.124415 -0.553108 0.805528 -0.991521 0.096840 -0.086648 0.030539 0.821781 0.568984
triangle
-0.591540 -0.141501 -0.162423 -0.066514 -0.948674 0.185652 -0.997456 0.063657 -0.032081 -0.019213 0.193315 0.980949
0.205792 -0.143483 -0.134983 -0.007293 -0.948565 0.231649 -0.998247 -0.006687 -0.058808 -0.058714 0.237255 0.969672
0.205792 -0.130409 -0.107857 -0.017185 -0.788739 0.586662 -0.998904 -0.011910 -0.045274 -0.043429 0.596856 0.801172
triangle
-0.591540 -0.141501 -0.162423 -0.066514 -0.948674 0.185652 -0.997456 0.063657 -0.032081 -0.019213 0.193315 0.980949
0.205792 -0.130409 -0.107857 -0.017185 -0.788739 0.586662 -0.998904 -0.011910 -0.045274 -0.043429 0.596856 0.801172
-0.591575 -0.125543 -0.132100 -0.135304 -0.783219 0.576773 -0.989942 0.091658 -0.107764 -0.032114 0.596261 0.802148
triangle
-0.639234 -0.092789 -0.113454 -0.300196 -0.721319 0.618464 -0.893792 -0.012409 -0.448310 -0.332228 0.689806 0.643267
-0.686835 -0.100346 -0.146839 -0.331816 -0.679600 0.650323 -0.922765 0.092580 -0.374078 -0.194515 0.726082 0.659522
-0.639211 -0.109205 -0.134295 -0.282193 -0.718784 0.632939 -0.957328 0.170116 -0.233631 -0.060351 0.672905 0.737263
triangle
0.721865 0.156397 -0.019419 -0.279737 0.620111 0.709184 -0.958621 -0.184240 -0.217028 0.003990 0.753574 -0.657351
0.459157 0.117945 -0.091479 -0.152849 0.562877 0.793096 -0.987792 -0.100332 -0.119164 -0.012696 0.814268 -0.580350
0.459157 0.082314 -0.072182 -0.149883 0.415212 0.882349 -0.987399 -0.105198 -0.118224 -0.044327 0.901012 -0.431524
triangle
0.721865 0.156397 -0.019419 -0.279737 0.620111 0.709184 -0.958621 -0.184240 -0.217028 0.003990 0.753574 -0.657351
0.459157 0.082314 -0.072182 -0.149883 0.415212 0.882349 -0.987399 -0.105198 -0.118224 -0.044327 0.901012 -0.431524
0.721865 0.118965 -0.000497 -0.255167 0.177500 0.899756 -0.956735 -0.166766 -0.238427 -0.113167 0.968205 -0.223097
triangle
-0.591624 0.088824 -0.088368 -0.104668 0.696005 0.692694 -0.993495 -0.104601 -0.045019 -0.041643 0.701654 -0.711300
-0.591644 0.070053 -0.070455 -0.084179 0.467828 0.848376 -0.995963 -0.062670 -0.064264 -0.023757 0.874437 -0.484557
0.205792 0.084598 -0.074599 -0.007278 0.506940 0.851232 -0.998476 -0.050747 0.021684 -0.054695 0.857688 -0.511253
triangle
-0.843470 0.083029 -0.213367 -0.368370 0.819264 0.392969 -0.918249 -0.277250 -0.282756 0.125146 0.474266 -0.871442
-0.686779 0.127725 -0.195043 -0.260743 0.921859 0.203774 -0.960946 -0.242211 -0.133852 0.075589 0.235556 -0.968917
-0.843470 0.092012 -0.249940 -0.319066 0.929381 0.105652 -0.945685 -0.315977 -0.076410 0.038076 0.125766 -0.991329
triangle
-0.639296 0.021876 -0.057451 -0.251599 0.233650 0.893574 -0.964793 -0.076293 -0.251702 -0.009781 0.966750 -0.255538
-0.639296 -0.021876 -0.057451 -0.251599 -0.233650 0.893574 -0.964561 0.089827 -0.248098 0.023294 0.965586 0.259038
-0.591659 -0.021880 -0.055571 -0.019722 -0.137790 0.980152 -0.999781 0.009196 -0.018824 0.006485 0.990224 0.139337
triangle
-0.639296 0.021876 -0.057451 -0.251599 0.233650 0.893574 -0.964793 -0.076293 -0.251702 -0.009781 0.966750 -0.255538
-0.591659 -0.021880 -0.055571 -0.019722 -0.137790 0.980152 -0.999781 0.009196 -0.018824 0.006485 0.990224 0.139337
-0.591659 0.021880 -0.055571 -0.019722 0.137790 0.980152 -0.999732 -0.014438 -0.018086 -0.011777 0.990161 -0.139435
triangle
-0.843470 0.083029 -0.213367 -0.368370 0.819264 0.392969 -0.918249 -0.277250 -0.282756 0.125146 0.474266 -0.871442
-0.686823 0.110820 -0.157300 -0.307917 0.779588 0.525276 -0.947797 -0.216798 -0.233838 0.069167 0.576088 -0.814456
-0.686779 0.127725 -0.195043 -0.260743 0.921859 0.203774 -0.960946 -0.242211 -0.133852 0.075589 0.235556 -0.968917
triangle
0.205792 0.084598 -0.074599 -0.007278 0.506940 0.851232 -0.998476 -0.050747 0.021684 -0.054695 0.857688 -0.511253
-0.591644 0.070053 -0.070455 -0.084179 0.467828 0.848376 -0.995963 -0.062670 -0.064264 -0.023757 0.874437 -0.484557
0.205792 0.063614 -0.065402 -0.001786 0.309324 0.947186 -0.981759 -0.181274 0.057348 -0.190120 0.933150 -0.305099
triangle
0.721865 0.177345 -0.362430 -0.090784 0.994559 0.051095 0.988326 0.096281 -0.118079 -0.122356 0.039779 -0.991689
0.447319 0.147005 -0.310802 -0.043474 0.997131 0.037579 0.998852 0.042733 0.021647 0.020003 0.038524 -0.999057
0.459157 0.143413 -0.168711 -0.066994 0.950277 -0.108001 0.975358 0.044196 -0.216156 -0.209270 -0.124977 -0.969839
triangle
0.721865 0.177345 -0.362430 -0.090784 0.994559 0.051095 0.988326 0.096281 -0.118079 -0.122356 0.039779 -0.991689
0.459157 0.143413 -0.168711 -0.066994 0.950277 -0.108001 0.975358 0.044196 -0.216156 -0.209270 -0.124977 -0.969839
0.721865 0.164697 -0.167378 -0.075213 0.885037 -0.288705 0.989189 0.037848 -0.141676 -0.122554 -0.317184 -0.940412
triangle
-0.843470 -0.071187 -0.197578 -0.402148 -0.588799 0.680538 -0.909680 0.201712 -0.363034 -0.077594 0.776191 0.625705
-0.843470 -0.083029 -0.213367 -0.368370 -0.819264 0.392969 0.919340 -0.281515 0.274887 0.116861 -0.471747 -0.873956
-0.686823 -0.110820 -0.157300 -0.307917 -0.779588 0.525276 -0.938960 0.168935 -0.299693 -0.146484 0.591896 0.792592
triangle
-0.843470 -0.071187 -0.197578 -0.402148 -0.588799 0.680538 -0.909680 0.201712 -0.363034 -0.077594 0.776191 0.625705
-0.686823 -0.110820 -0.157300 -0.307917 -0.779588 0.525276 -0.938960 0.168935 -0.299693 -0.146484 0.591896 0.792592
-0.686835 -0.100346 -0.146839 -0.331816 -0.679600 0.650323 -0.922765 0.092580 -0.374078 -0.194515 0.726082 0.659522
triangle
0.205792 -0.119121 -0.097567 -0.018445 -0.648928 0.751874 -0.999409 0.034026 0.004850 0.028923 0.756363 0.653512
-0.591624 -0.088824 -0.088368 -0.104668 -0.696005 0.692694 -0.993869 0.097409 -0.052302 0.031465 0.702688 0.710802
-0.591585 -0.117110 -0.123287 -0.182274 -0.737878 0.637784 -0.975352 0.219219 -0.025124 0.122230 0.631572 0.765622
triangle
0.721865 -0.156397 -0.019419 -0.279737 -0.620111 0.709184 -0.958629 0.186969 -0.214645 -0.000517 0.752901 0.658133
0.459157 -0.130533 -0.102427 -0.167783 -0.771036 0.573948 -0.984758 0.122046 -0.123921 -0.026133 0.600563 0.799151
0.721865 -0.205534 -0.088838 -0.236449 -0.869899 0.239040 -0.960393 0.211049 -0.181946 -0.115616 0.292289 0.949316
triangle
0.459157 -0.143412 -0.129699 -0.115744 -0.914564 -0.003345 -0.975757 0.124147 -0.180239 -0.179262 0.019089 0.983616
0.721865 -0.205534 -0.088838 -0.236449 -0.869899 0.239040 -0.960393 0.211049 -0.181946 -0.115616 0.292289 0.949316
0.459157 -0.130533 -0.102427 -0.167783 -0.771036 0.573948 -0.984758 0.122046 -0.123921 -0.026133 0.600563 0.799151
triangle
-0.591540 -0.141501 -0.162423 -0.066514 -0.948674 0.185652 -0.997456 0.063657 -0.032081 -0.019213 0.193315 0.980949
0.205792 -0.144379 -0.163193 -0.001463 -0.999758 0.015098 -0.997803 0.002460 0.066202 0.066232 0.014970 0.997692
0.205792 -0.143483 -0.134983 -0.007293 -0.948565 0.231649 -0.998247 -0.006687 -0.058808 -0.058714 0.237255 0.969672
triangle
-0.639200 -0.118454 -0.143652 -0.274083 -0.768484 0.559848 -0.958483 0.181825 -0.219657 -0.067719 0.603139 0.794756
-0.639211 -0.109205 -0.134295 -0.282193 -0.718784 0.632939 -0.957328 0.170116 -0.233631 -0.060351 0.672905 0.737263
-0.686835 -0.100346 -0.146839 -0.331816 -0.679600 0.650323 -0.922765 0.092580 -0.374078 -0.194515 0.726082 0.659522
triangle
-0.639200 -0.118454 -0.143652 -0.274083 -0.768484 0.559848 -0.958483 0.181825 -0.219657 -0.067719 0.603139 0.794756
-0.686835 -0.100346 -0.146839 -0.331816 -0.679600 0.650323 -0.922765 0.092580 -0.374078 -0.194515 0.726082 0.659522
-0.686823 -0.110820 -0.157300 -0.307917 -0.779588 0.525276 -0.938960 0.168935 -0.299693 -0.146484 0.591896 0.792592
triangle
0.459157 0.061134 -0.064428 -0.124947 0.097742 0.946213 -0.963068 -0.249434 -0.101407 -0.235670 0.963018 -0.130598
0.721865 0.118965 -0.000497 -0.255167 0.177500 0.899756 -0.956735 -0.166766 -0.238427 -0.113167 0.968205 -0.223097
0.459157 0.082314 -0.072182 -0.149883 0.415212 0.882349 -0.987399 -0.105198 -0.118224 -0.044327 0.901012 -0.431524
triangle
-0.639290 0.137820 -0.178069 -0.200848 0.920891 0.217873 -0.976888 -0.189800 -0.098317 0.050845 0.240424 -0.969335
-0.639200 0.118454 -0.143652 -0.274083 0.768484 0.559848 -0.960624 -0.210412 -0.181465 0.021884 0.593772 -0.804336
-0.591575 0.125543 -0.132100 -0.135304 0.783219 0.576773 -0.990382 -0.103322 -0.092027 0.012712 0.594350 -0.804106
triangle
-0.639290 0.137820 -0.178069 -0.200848 0.920891 0.217873 -0.976888 -0.189800 -0.098317 0.050845 0.240424 -0.969335
-0.591575 0.125543 -0.132100 -0.135304 0.783219 0.576773 -0.990382 -0.103322 -0.092027 0.012712 0.594350 -0.804106
-0.591540 0.141501 -0.162423 -0.066514 0.948674 0.185652 -0.997300 -0.072366 0.012479 -0.026083 0.190226 -0.981394
triangle
-0.843470 0.032667 -0.176018 -0.426077 0.297148 0.839745 -0.900731 -0.091589 -0.424611 0.049888 0.949237 -0.310580
-0.843470 0.013451 -0.172773 -0.425561 0.113313 0.891694 -0.903761 -0.042384 -0.425934 0.010529 0.992583 -0.121109
-0.686871 0.064100 -0.113887 -0.386700 0.423405 0.791172 -0.912547 -0.086545 -0.399709 0.103126 0.897075 -0.429676
triangle
-0.921735 0.048271 -0.236401 -0.529954 0.750921 0.346545 -0.824724 -0.395474 -0.404266 0.169531 0.509079 -0.843859
