triangle
2.179167 -0.818439 -1.094899 1.000000 0.000000 0.000000 0.000000 -0.004592 -0.999990 0.000000 -0.999990 0.004592
2.168473 -0.818439 -1.258056 0.991424 0.000000 -0.130497 -0.130500 0.001645 -0.991447 -0.000215 -0.999999 -0.001631
2.135266 -0.693439 -1.253685 0.858547 0.500107 -0.113010 -0.128280 -0.003881 -0.991730 0.496415 -0.865952 -0.060822
triangle
2.179167 -0.818439 -1.094899 1.000000 0.000000 0.000000 0.000000 -0.004592 -0.999990 0.000000 -0.999990 0.004592
2.135266 -0.693439 -1.253685 0.858547 0.500107 -0.113010 -0.128280 -0.003881 -0.991730 0.496415 -0.865952 -0.060822
2.145673 -0.693439 -1.094899 0.865963 0.500107 0.000000 -0.001909 0.003306 -0.999993 0.500104 -0.865957 -0.003817
triangle
2.145673 -0.693439 -1.094899 0.865963 0.500107 0.000000 -0.001909 0.003306 -0.999993 0.500104 -0.865957 -0.003817
2.135266 -0.693439 -1.253685 0.858547 0.500107 -0.113010 -0.128280 -0.003881 -0.991730 0.496415 -0.865952 -0.060822
2.044542 -0.601933 -1.241741 0.495590 0.866085 -0.065249 -0.123905 -0.003856 -0.992287 0.859669 -0.499860 -0.105402
triangle
2.145673 -0.693439 -1.094899 0.865963 0.500107 0.000000 -0.001909 0.003306 -0.999993 0.500104 -0.865957 -0.003817
2.044542 -0.601933 -1.241741 0.495590 0.866085 -0.065249 -0.123905 -0.003856 -0.992287 0.859669 -0.499860 -0.105402
2.054167 -0.601933 -1.094899 0.499863 0.866085 0.000000 0.006674 -0.003852 -0.999970 0.866074 -0.499857 0.007706
triangle
2.054167 -0.601933 -1.094899 0.499863 0.866085 0.000000 0.006674 -0.003852 -0.999970 0.866074 -0.499857 0.007706
2.044542 -0.601933 -1.241741 0.495590 0.866085 -0.065249 -0.123905 -0.003856 -0.992287 0.859669 -0.499860 -0.105402
1.920612 -0.568439 -1.225425 0.000000 1.000000 0.000000 -0.125671 0.000000 -0.992072 0.992072 -0.000000 -0.125671
triangle
2.054167 -0.601933 -1.094899 0.499863 0.866085 0.000000 0.006674 -0.003852 -0.999970 0.866074 -0.499857 0.007706
1.920612 -0.568439 -1.225425 0.000000 1.000000 0.000000 -0.125671 0.000000 -0.992072 0.992072 -0.000000 -0.125671
1.929167 -0.568439 -1.094899 0.000000 1.000000 0.000000 0.004908 0.000000 -0.999988 0.999988 -0.000000 0.004908
triangle
1.929167 -0.568439 -1.094899 0.000000 1.000000 0.000000 0.004908 0.000000 -0.999988 0.999988 -0.000000 0.004908
1.920612 -0.568439 -1.225425 0.000000 1.000000 0.000000 -0.125671 0.000000 -0.992072 0.992072 -0.000000 -0.125671
1.796681 -0.601933 -1.209109 -0.495590 0.866085 0.065249 -0.130775 -0.000141 -0.991412 0.858651 0.499874 -0.113334
triangle
1.929167 -0.568439 -1.094899 0.000000 1.000000 0.000000 0.004908 0.000000 -0.999988 0.999988 -0.000000 0.004908
1.796681 -0.601933 -1.209109 -0.495590 0.866085 0.065249 -0.130775 -0.000141 -0.991412 0.858651 0.499874 -0.113334
1.804167 -0.601933 -1.094899 -0.499863 0.866085 0.000000 -0.000253 -0.000146 -1.000000 0.866100 0.499871 -0.000292
triangle
1.804167 -0.601933 -1.094899 -0.499863 0.866085 0.000000 -0.000253 -0.000146 -1.000000 0.866100 0.499871 -0.000292
1.796681 -0.601933 -1.209109 -0.495590 0.866085 0.065249 -0.130775 -0.000141 -0.991412 0.858651 0.499874 -0.113334
1.705957 -0.693439 -1.197165 -0.858547 0.500107 0.113010 -0.130269 0.000410 -0.991479 0.495896 0.865961 -0.064797
triangle
1.804167 -0.601933 -1.094899 -0.499863 0.866085 0.000000 -0.000253 -0.000146 -1.000000 0.866100 0.499871 -0.000292
1.705957 -0.693439 -1.197165 -0.858547 0.500107 0.113010 -0.130269 0.000410 -0.991479 0.495896 0.865961 -0.064797
1.712660 -0.693439 -1.094899 -0.865963 0.500107 0.000000 0.000244 0.000422 -1.000000 0.500107 0.865963 0.000488
triangle
1.712660 -0.693439 -1.094899 -0.865963 0.500107 0.000000 0.000244 0.000422 -1.000000 0.500107 0.865963 0.000488
1.705957 -0.693439 -1.197165 -0.858547 0.500107 0.113010 -0.130269 0.000410 -0.991479 0.495896 0.865961 -0.064797
1.672750 -0.818439 -1.192793 -0.991424 0.000000 0.130497 -0.130499 0.003899 -0.991441 0.000509 0.999992 0.003865
triangle
1.712660 -0.693439 -1.094899 -0.865963 0.500107 0.000000 0.000244 0.000422 -1.000000 0.500107 0.865963 0.000488
1.672750 -0.818439 -1.192793 -0.991424 0.000000 0.130497 -0.130499 0.003899 -0.991441 0.000509 0.999992 0.003865
1.679167 -0.818439 -1.094899 -0.999969 0.000000 0.000000 0.000000 0.003894 -0.999992 -0.000000 0.999992 0.003894
triangle
1.679167 -0.818439 -1.094899 -0.999969 0.000000 0.000000 0.000000 0.003894 -0.999992 -0.000000 0.999992 0.003894
1.672750 -0.818439 -1.192793 -0.991424 0.000000 0.130497 -0.130499 0.003899 -0.991441 0.000509 0.999992 0.003865
1.705957 -0.943439 -1.197165 -0.858547 -0.500107 0.113010 -0.130752 0.000433 -0.991415 -0.495769 0.865961 0.065763
triangle
1.679167 -0.818439 -1.094899 -0.999969 0.000000 0.000000 0.000000 0.003894 -0.999992 -0.000000 0.999992 0.003894
1.705957 -0.943439 -1.197165 -0.858547 -0.500107 0.113010 -0.130752 0.000433 -0.991415 -0.495769 0.865961 0.065763
1.712660 -0.943439 -1.094899 -0.865963 -0.500107 0.000000 -0.000242 0.000419 -1.000000 -0.500107 0.865963 0.000484
triangle
1.712660 -0.943439 -1.094899 -0.865963 -0.500107 0.000000 -0.000242 0.000419 -1.000000 -0.500107 0.865963 0.000484
1.705957 -0.943439 -1.197165 -0.858547 -0.500107 0.113010 -0.130752 0.000433 -0.991415 -0.495769 0.865961 0.065763
1.796681 -1.034945 -1.209109 -0.495590 -0.866085 0.065249 -0.130278 -0.000148 -0.991477 -0.858726 0.499874 0.112760
triangle
1.712660 -0.943439 -1.094899 -0.865963 -0.500107 0.000000 -0.000242 0.000419 -1.000000 -0.500107 0.865963 0.000484
1.796681 -1.034945 -1.209109 -0.495590 -0.866085 0.065249 -0.130278 -0.000148 -0.991477 -0.858726 0.499874 0.112760
1.804167 -1.034945 -1.094899 -0.499863 -0.866085 0.000000 0.000258 -0.000149 -1.000000 -0.866100 0.499871 -0.000297
triangle
1.804167 -1.034945 -1.094899 -0.499863 -0.866085 0.000000 0.000258 -0.000149 -1.000000 -0.866100 0.499871 -0.000297
1.796681 -1.034945 -1.209109 -0.495590 -0.866085 0.065249 -0.130278 -0.000148 -0.991477 -0.858726 0.499874 0.112760
1.920612 -1.068439 -1.225425 0.000000 -1.000000 0.000000 -0.135382 0.000000 -0.990793 -0.990793 0.000000 0.135382
triangle
1.804167 -1.034945 -1.094899 -0.499863 -0.866085 0.000000 0.000258 -0.000149 -1.000000 -0.866100 0.499871 -0.000297
1.920612 -1.068439 -1.225425 0.000000 -1.000000 0.000000 -0.135382 0.000000 -0.990793 -0.990793 0.000000 0.135382
1.929167 -1.068439 -1.094899 0.000000 -1.000000 0.000000 -0.004903 0.000000 -0.999988 -0.999988 0.000000 0.004903
triangle
1.929167 -1.068439 -1.094899 0.000000 -1.000000 0.000000 -0.004903 0.000000 -0.999988 -0.999988 0.000000 0.004903
1.920612 -1.068439 -1.225425 0.000000 -1.000000 0.000000 -0.135382 0.000000 -0.990793 -0.990793 0.000000 0.135382
2.044542 -1.034945 -1.241741 0.495590 -0.866085 -0.065249 -0.123815 0.003908 -0.992298 -0.859682 -0.499859 0.105299
triangle
1.929167 -1.068439 -1.094899 0.000000 -1.000000 0.000000 -0.004903 0.000000 -0.999988 -0.999988 0.000000 0.004903
2.044542 -1.034945 -1.241741 0.495590 -0.866085 -0.065249 -0.123815 0.003908 -0.992298 -0.859682 -0.499859 0.105299
2.054167 -1.034945 -1.094899 0.499863 -0.866085 0.000000 -0.006675 -0.003852 -0.999970 -0.866074 -0.499857 0.007706
triangle
2.054167 -1.034945 -1.094899 0.499863 -0.866085 0.000000 -0.006675 -0.003852 -0.999970 -0.866074 -0.499857 0.007706
2.044542 -1.034945 -1.241741 0.495590 -0.866085 -0.065249 -0.123815 0.003908 -0.992298 -0.859682 -0.499859 0.105299
2.135266 -0.943439 -1.253685 0.858547 -0.500107 -0.113010 -0.125841 0.008133 -0.992017 -0.497038 -0.865923 0.055952
triangle
2.054167 -1.034945 -1.094899 0.499863 -0.866085 0.000000 -0.006675 -0.003852 -0.999970 -0.866074 -0.499857 0.007706
2.135266 -0.943439 -1.253685 0.858547 -0.500107 -0.113010 -0.125841 0.008133 -0.992017 -0.497038 -0.865923 0.055952
2.145673 -0.943439 -1.094899 0.865963 -0.500107 0.000000 0.005670 0.009818 -0.999936 -0.500075 -0.865908 -0.011338
triangle
2.179167 -0.818439 -1.094899 1.000000 0.000000 0.000000 0.000000 -0.004592 -0.999990 0.000000 -0.999990 0.004592
2.145673 -0.943439 -1.094899 0.865963 -0.500107 0.000000 0.005670 0.009818 -0.999936 -0.500075 -0.865908 -0.011338
2.135266 -0.943439 -1.253685 0.858547 -0.500107 -0.113010 -0.125841 0.008133 -0.992017 -0.497038 -0.865923 0.055952
triangle
2.179167 -0.818439 -1.094899 1.000000 0.000000 0.000000 0.000000 -0.004592 -0.999990 0.000000 -0.999990 0.004592
2.135266 -0.943439 -1.253685 0.858547 -0.500107 -0.113010 -0.125841 0.008133 -0.992017 -0.497038 -0.865923 0.055952
2.168473 -0.818439 -1.258056 0.991424 0.000000 -0.130497 -0.130500 0.001645 -0.991447 -0.000215 -0.999999 -0.001631
triangle
2.168473 -0.818439 -1.258056 0.991424 0.000000 -0.130497 -0.130500 0.001645 -0.991447 -0.000215 -0.999999 -0.001631
2.136574 -0.818439 -1.418422 0.965911 0.000000 -0.258797 -0.258802 -0.001552 -0.965929 0.000402 -0.999999 0.001499
2.104222 -0.693439 -1.409754 0.836451 0.500107 -0.224128 -0.264281 0.009818 -0.964396 0.480103 -0.865907 -0.140381
triangle
2.168473 -0.818439 -1.258056 0.991424 0.000000 -0.130497 -0.130500 0.001645 -0.991447 -0.000215 -0.999999 -0.001631
2.104222 -0.693439 -1.409754 0.836451 0.500107 -0.224128 -0.264281 0.009818 -0.964396 0.480103 -0.865907 -0.140381
2.135266 -0.693439 -1.253685 0.858547 0.500107 -0.113010 -0.128280 -0.003881 -0.991730 0.496415 -0.865952 -0.060822
triangle
2.135266 -0.693439 -1.253685 0.858547 0.500107 -0.113010 -0.128280 -0.003881 -0.991730 0.496415 -0.865952 -0.060822
2.104222 -0.693439 -1.409754 0.836451 0.500107 -0.224128 -0.264281 0.009818 -0.964396 0.480103 -0.865907 -0.140381
2.015833 -0.601933 -1.386070 0.482833 0.866085 -0.129368 -0.252365 -0.003844 -0.967625 0.838556 -0.499857 -0.216717
triangle
2.135266 -0.693439 -1.253685 0.858547 0.500107 -0.113010 -0.128280 -0.003881 -0.991730 0.496415 -0.865952 -0.060822
2.015833 -0.601933 -1.386070 0.482833 0.866085 -0.129368 -0.252365 -0.003844 -0.967625 0.838556 -0.499857 -0.216717
2.044542 -0.601933 -1.241741 0.495590 0.866085 -0.065249 -0.123905 -0.003856 -0.992287 0.859669 -0.499860 -0.105402
triangle
2.044542 -0.601933 -1.241741 0.495590 0.866085 -0.065249 -0.123905 -0.003856 -0.992287 0.859669 -0.499860 -0.105402
2.015833 -0.601933 -1.386070 0.482833 0.866085 -0.129368 -0.252365 -0.003844 -0.967625 0.838556 -0.499857 -0.216717
1.895092 -0.568439 -1.353718 0.000000 1.000000 0.000000 -0.254077 0.000000 -0.967184 0.967184 -0.000000 -0.254077
triangle
2.044542 -0.601933 -1.241741 0.495590 0.866085 -0.065249 -0.123905 -0.003856 -0.992287 0.859669 -0.499860 -0.105402
1.895092 -0.568439 -1.353718 0.000000 1.000000 0.000000 -0.254077 0.000000 -0.967184 0.967184 -0.000000 -0.254077
1.920612 -0.568439 -1.225425 0.000000 1.000000 0.000000 -0.125671 0.000000 -0.992072 0.992072 -0.000000 -0.125671
triangle
1.920612 -0.568439 -1.225425 0.000000 1.000000 0.000000 -0.125671 0.000000 -0.992072 0.992072 -0.000000 -0.125671
1.895092 -0.568439 -1.353718 0.000000 1.000000 0.000000 -0.254077 0.000000 -0.967184 0.967184 -0.000000 -0.254077
1.774352 -0.601933 -1.321365 -0.482833 0.866085 0.129368 -0.259058 -0.000150 -0.965862 0.836513 0.499872 -0.224442
triangle
1.920612 -0.568439 -1.225425 0.000000 1.000000 0.000000 -0.125671 0.000000 -0.992072 0.992072 -0.000000 -0.125671
1.774352 -0.601933 -1.321365 -0.482833 0.866085 0.129368 -0.259058 -0.000150 -0.965862 0.836513 0.499872 -0.224442
1.796681 -0.601933 -1.209109 -0.495590 0.866085 0.065249 -0.130775 -0.000141 -0.991412 0.858651 0.499874 -0.113334
triangle
1.796681 -0.601933 -1.209109 -0.495590 0.866085 0.065249 -0.130775 -0.000141 -0.991412 0.858651 0.499874 -0.113334
1.774352 -0.601933 -1.321365 -0.482833 0.866085 0.129368 -0.259058 -0.000150 -0.965862 0.836513 0.499872 -0.224442
1.685963 -0.693439 -1.297682 -0.836451 0.500107 0.224097 -0.258559 0.000409 -0.965995 0.483198 0.865960 -0.128967
triangle
1.796681 -0.601933 -1.209109 -0.495590 0.866085 0.065249 -0.130775 -0.000141 -0.991412 0.858651 0.499874 -0.113334
1.685963 -0.693439 -1.297682 -0.836451 0.500107 0.224097 -0.258559 0.000409 -0.965995 0.483198 0.865960 -0.128967
1.705957 -0.693439 -1.197165 -0.858547 0.500107 0.113010 -0.130269 0.000410 -0.991479 0.495896 0.865961 -0.064797
triangle
1.705957 -0.693439 -1.197165 -0.858547 0.500107 0.113010 -0.130269 0.000410 -0.991479 0.495896 0.865961 -0.064797
1.685963 -0.693439 -1.297682 -0.836451 0.500107 0.224097 -0.258559 0.000409 -0.965995 0.483198 0.865960 -0.128967
1.653611 -0.818439 -1.289013 -0.965911 0.000000 0.258797 -0.258800 0.003896 -0.965923 0.001008 0.999992 0.003763
triangle
1.705957 -0.693439 -1.197165 -0.858547 0.500107 0.113010 -0.130269 0.000410 -0.991479 0.495896 0.865961 -0.064797
1.653611 -0.818439 -1.289013 -0.965911 0.000000 0.258797 -0.258800 0.003896 -0.965923 0.001008 0.999992 0.003763
1.672750 -0.818439 -1.192793 -0.991424 0.000000 0.130497 -0.130499 0.003899 -0.991441 0.000509 0.999992 0.003865
triangle
1.672750 -0.818439 -1.192793 -0.991424 0.000000 0.130497 -0.130499 0.003899 -0.991441 0.000509 0.999992 0.003865
1.653611 -0.818439 -1.289013 -0.965911 0.000000 0.258797 -0.258800 0.003896 -0.965923 0.001008 0.999992 0.003763
1.685963 -0.943439 -1.297682 -0.836451 -0.500107 0.224128 -0.259054 0.000417 -0.965863 -0.482944 0.865962 0.129904
triangle
1.672750 -0.818439 -1.192793 -0.991424 0.000000 0.130497 -0.130499 0.003899 -0.991441 0.000509 0.999992 0.003865
1.685963 -0.943439 -1.297682 -0.836451 -0.500107 0.224128 -0.259054 0.000417 -0.965863 -0.482944 0.865962 0.129904
1.705957 -0.943439 -1.197165 -0.858547 -0.500107 0.113010 -0.130752 0.000433 -0.991415 -0.495769 0.865961 0.065763
triangle
1.705957 -0.943439 -1.197165 -0.858547 -0.500107 0.113010 -0.130752 0.000433 -0.991415 -0.495769 0.865961 0.065763
1.685963 -0.943439 -1.297682 -0.836451 -0.500107 0.224128 -0.259054 0.000417 -0.965863 -0.482944 0.865962 0.129904
1.774352 -1.034945 -1.321365 -0.482833 -0.866085 0.129368 -0.258570 -0.000141 -0.965993 -0.836664 0.499872 0.223879
triangle
1.705957 -0.943439 -1.197165 -0.858547 -0.500107 0.113010 -0.130752 0.000433 -0.991415 -0.495769 0.865961 0.065763
1.774352 -1.034945 -1.321365 -0.482833 -0.866085 0.129368 -0.258570 -0.000141 -0.965993 -0.836664 0.499872 0.223879
1.796681 -1.034945 -1.209109 -0.495590 -0.866085 0.065249 -0.130278 -0.000148 -0.991477 -0.858726 0.499874 0.112760
triangle
1.796681 -1.034945 -1.209109 -0.495590 -0.866085 0.065249 -0.130278 -0.000148 -0.991477 -0.858726 0.499874 0.112760
1.774352 -1.034945 -1.321365 -0.482833 -0.866085 0.129368 -0.258570 -0.000141 -0.965993 -0.836664 0.499872 0.223879
1.895092 -1.068439 -1.353718 0.000000 -1.000000 0.000000 -0.263552 0.000000 -0.964645 -0.964645 0.000000 0.263552
triangle
1.796681 -1.034945 -1.209109 -0.495590 -0.866085 0.065249 -0.130278 -0.000148 -0.991477 -0.858726 0.499874 0.112760
1.895092 -1.068439 -1.353718 0.000000 -1.000000 0.000000 -0.263552 0.000000 -0.964645 -0.964645 0.000000 0.263552
1.920612 -1.068439 -1.225425 0.000000 -1.000000 0.000000 -0.135382 0.000000 -0.990793 -0.990793 0.000000 0.135382
triangle
1.920612 -1.068439 -1.225425 0.000000 -1.000000 0.000000 -0.135382 0.000000 -0.990793 -0.990793 0.000000 0.135382
1.895092 -1.068439 -1.353718 0.000000 -1.000000 0.000000 -0.263552 0.000000 -0.964645 -0.964645 0.000000 0.263552
2.015833 -1.034945 -1.386070 0.482833 -0.866085 -0.129368 -0.265254 -0.003857 -0.964171 -0.834569 -0.499857 0.231599
triangle
1.920612 -1.068439 -1.225425 0.000000 -1.000000 0.000000 -0.135382 0.000000 -0.990793 -0.990793 0.000000 0.135382
2.015833 -1.034945 -1.386070 0.482833 -0.866085 -0.129368 -0.265254 -0.003857 -0.964171 -0.834569 -0.499857 0.231599
2.044542 -1.034945 -1.241741 0.495590 -0.866085 -0.065249 -0.123815 0.003908 -0.992298 -0.859682 -0.499859 0.105299
triangle
2.044542 -1.034945 -1.241741 0.495590 -0.866085 -0.065249 -0.123815 0.003908 -0.992298 -0.859682 -0.499859 0.105299
2.015833 -1.034945 -1.386070 0.482833 -0.866085 -0.129368 -0.265254 -0.003857 -0.964171 -0.834569 -0.499857 0.231599
2.104222 -0.943439 -1.409754 0.836451 -0.500107 -0.224128 -0.254837 0.007125 -0.966958 -0.485182 -0.865933 0.121486
triangle
2.044542 -1.034945 -1.241741 0.495590 -0.866085 -0.065249 -0.123815 0.003908 -0.992298 -0.859682 -0.499859 0.105299
2.104222 -0.943439 -1.409754 0.836451 -0.500107 -0.224128 -0.254837 0.007125 -0.966958 -0.485182 -0.865933 0.121486
2.135266 -0.943439 -1.253685 0.858547 -0.500107 -0.113010 -0.125841 0.008133 -0.992017 -0.497038 -0.865923 0.055952
triangle
2.135266 -0.943439 -1.253685 0.858547 -0.500107 -0.113010 -0.125841 0.008133 -0.992017 -0.497038 -0.865923 0.055952
2.104222 -0.943439 -1.409754 0.836451 -0.500107 -0.224128 -0.254837 0.007125 -0.966958 -0.485182 -0.865933 0.121486
2.136574 -0.818439 -1.418422 0.965911 0.000000 -0.258797 -0.258802 -0.001552 -0.965929 0.000402 -0.999999 0.001499
triangle
2.135266 -0.943439 -1.253685 0.858547 -0.500107 -0.113010 -0.125841 0.008133 -0.992017 -0.497038 -0.865923 0.055952
2.136574 -0.818439 -1.418422 0.965911 0.000000 -0.258797 -0.258802 -0.001552 -0.965929 0.000402 -0.999999 0.001499
2.168473 -0.818439 -1.258056 0.991424 0.000000 -0.130497 -0.130500 0.001645 -0.991447 -0.000215 -0.999999 -0.001631
triangle
2.136574 -0.818439 -1.418422 0.965911 0.000000 -0.258797 -0.258802 -0.001552 -0.965929 0.000402 -0.999999 0.001499
2.084016 -0.818439 -1.573253 0.923856 0.000000 -0.382672 -0.382682 -0.001554 -0.923879 0.000595 -0.999999 0.001436
2.053072 -0.693439 -1.560436 0.800043 0.500107 -0.331370 -0.380589 -0.003884 -0.924736 0.463758 -0.865952 -0.187230
triangle
2.136574 -0.818439 -1.418422 0.965911 0.000000 -0.258797 -0.258802 -0.001552 -0.965929 0.000402 -0.999999 0.001499
2.053072 -0.693439 -1.560436 0.800043 0.500107 -0.331370 -0.380589 -0.003884 -0.924736 0.463758 -0.865952 -0.187230
2.104222 -0.693439 -1.409754 0.836451 0.500107 -0.224128 -0.264281 0.009818 -0.964396 0.480103 -0.865907 -0.140381
triangle
2.104222 -0.693439 -1.409754 0.836451 0.500107 -0.224128 -0.264281 0.009818 -0.964396 0.480103 -0.865907 -0.140381
2.053072 -0.693439 -1.560436 0.800043 0.500107 -0.331370 -0.380589 -0.003884 -0.924736 0.463758 -0.865952 -0.187230
1.968531 -0.601933 -1.525418 0.461837 0.866085 -0.191290 -0.376508 -0.003841 -0.926405 0.803085 -0.499873 -0.324316
triangle
2.104222 -0.693439 -1.409754 0.836451 0.500107 -0.224128 -0.264281 0.009818 -0.964396 0.480103 -0.865907 -0.140381
1.968531 -0.601933 -1.525418 0.461837 0.866085 -0.191290 -0.376508 -0.003841 -0.926405 0.803085 -0.499873 -0.324316
2.015833 -0.601933 -1.386070 0.482833 0.866085 -0.129368 -0.252365 -0.003844 -0.967625 0.838556 -0.499857 -0.216717
triangle
2.015833 -0.601933 -1.386070 0.482833 0.866085 -0.129368 -0.252365 -0.003844 -0.967625 0.838556 -0.499857 -0.216717
1.968531 -0.601933 -1.525418 0.461837 0.866085 -0.191290 -0.376508 -0.003841 -0.926405 0.803085 -0.499873 -0.324316
1.853046 -0.568439 -1.477582 0.000000 1.000000 0.000000 -0.378155 0.000000 -0.925742 0.925742 -0.000000 -0.378155
triangle
2.015833 -0.601933 -1.386070 0.482833 0.866085 -0.129368 -0.252365 -0.003844 -0.967625 0.838556 -0.499857 -0.216717
1.853046 -0.568439 -1.477582 0.000000 1.000000 0.000000 -0.378155 0.000000 -0.925742 0.925742 -0.000000 -0.378155
1.895092 -0.568439 -1.353718 0.000000 1.000000 0.000000 -0.254077 0.000000 -0.967184 0.967184 -0.000000 -0.254077
triangle
1.895092 -0.568439 -1.353718 0.000000 1.000000 0.000000 -0.254077 0.000000 -0.967184 0.967184 -0.000000 -0.254077
1.853046 -0.568439 -1.477582 0.000000 1.000000 0.000000 -0.378155 0.000000 -0.925742 0.925742 -0.000000 -0.378155
1.737561 -0.601933 -1.429747 -0.461837 0.866085 0.191290 -0.382913 -0.000153 -0.923784 0.800051 0.499888 -0.331708
triangle
1.895092 -0.568439 -1.353718 0.000000 1.000000 0.000000 -0.254077 0.000000 -0.967184 0.967184 -0.000000 -0.254077
1.737561 -0.601933 -1.429747 -0.461837 0.866085 0.191290 -0.382913 -0.000153 -0.923784 0.800051 0.499888 -0.331708
1.774352 -0.601933 -1.321365 -0.482833 0.866085 0.129368 -0.259058 -0.000150 -0.965862 0.836513 0.499872 -0.224442
triangle
1.774352 -0.601933 -1.321365 -0.482833 0.866085 0.129368 -0.259058 -0.000150 -0.965862 0.836513 0.499872 -0.224442
1.737561 -0.601933 -1.429747 -0.461837 0.866085 0.191290 -0.382913 -0.000153 -0.923784 0.800051 0.499888 -0.331708
1.653020 -0.693439 -1.394729 -0.800043 0.500107 0.331370 -0.382445 0.000413 -0.923978 0.462229 0.865961 -0.190935
triangle
1.774352 -0.601933 -1.321365 -0.482833 0.866085 0.129368 -0.259058 -0.000150 -0.965862 0.836513 0.499872 -0.224442
1.653020 -0.693439 -1.394729 -0.800043 0.500107 0.331370 -0.382445 0.000413 -0.923978 0.462229 0.865961 -0.190935
1.685963 -0.693439 -1.297682 -0.836451 0.500107 0.224097 -0.258559 0.000409 -0.965995 0.483198 0.865960 -0.128967
triangle
1.685963 -0.693439 -1.297682 -0.836451 0.500107 0.224097 -0.258559 0.000409 -0.965995 0.483198 0.865960 -0.128967
1.653020 -0.693439 -1.394729 -0.800043 0.500107 0.331370 -0.382445 0.000413 -0.923978 0.462229 0.865961 -0.190935
1.622076 -0.818439 -1.381911 -0.923856 0.000000 0.382672 -0.382679 0.003894 -0.923873 0.001490 0.999992 0.003597
triangle
1.685963 -0.693439 -1.297682 -0.836451 0.500107 0.224097 -0.258559 0.000409 -0.965995 0.483198 0.865960 -0.128967
1.622076 -0.818439 -1.381911 -0.923856 0.000000 0.382672 -0.382679 0.003894 -0.923873 0.001490 0.999992 0.003597
1.653611 -0.818439 -1.289013 -0.965911 0.000000 0.258797 -0.258800 0.003896 -0.965923 0.001008 0.999992 0.003763
triangle
1.653611 -0.818439 -1.289013 -0.965911 0.000000 0.258797 -0.258800 0.003896 -0.965923 0.001008 0.999992 0.003763
1.622076 -0.818439 -1.381911 -0.923856 0.000000 0.382672 -0.382679 0.003894 -0.923873 0.001490 0.999992 0.003597
1.653020 -0.943439 -1.394729 -0.800043 -0.500107 0.331370 -0.382894 0.000429 -0.923792 -0.461857 0.865961 0.191833
triangle
1.653611 -0.818439 -1.289013 -0.965911 0.000000 0.258797 -0.258800 0.003896 -0.965923 0.001008 0.999992 0.003763
1.653020 -0.943439 -1.394729 -0.800043 -0.500107 0.331370 -0.382894 0.000429 -0.923792 -0.461857 0.865961 0.191833
1.685963 -0.943439 -1.297682 -0.836451 -0.500107 0.224128 -0.259054 0.000417 -0.965863 -0.482944 0.865962 0.129904
triangle
1.685963 -0.943439 -1.297682 -0.836451 -0.500107 0.224128 -0.259054 0.000417 -0.965863 -0.482944 0.865962 0.129904
1.653020 -0.943439 -1.394729 -0.800043 -0.500107 0.331370 -0.382894 0.000429 -0.923792 -0.461857 0.865961 0.191833
1.737561 -1.034945 -1.429747 -0.461837 -0.866085 0.191290 -0.382445 -0.000139 -0.923978 -0.800275 0.499888 0.331168
triangle
1.685963 -0.943439 -1.297682 -0.836451 -0.500107 0.224128 -0.259054 0.000417 -0.965863 -0.482944 0.865962 0.129904
1.737561 -1.034945 -1.429747 -0.461837 -0.866085 0.191290 -0.382445 -0.000139 -0.923978 -0.800275 0.499888 0.331168
1.774352 -1.034945 -1.321365 -0.482833 -0.866085 0.129368 -0.258570 -0.000141 -0.965993 -0.836664 0.499872 0.223879
triangle
1.774352 -1.034945 -1.321365 -0.482833 -0.866085 0.129368 -0.258570 -0.000141 -0.965993 -0.836664 0.499872 0.223879
1.737561 -1.034945 -1.429747 -0.461837 -0.866085 0.191290 -0.382445 -0.000139 -0.923978 -0.800275 0.499888 0.331168
1.853046 -1.068439 -1.477582 0.000000 -1.000000 0.000000 -0.387203 0.000000 -0.921994 -0.921994 -0.000000 0.387203
triangle
1.774352 -1.034945 -1.321365 -0.482833 -0.866085 0.129368 -0.258570 -0.000141 -0.965993 -0.836664 0.499872 0.223879
1.853046 -1.068439 -1.477582 0.000000 -1.000000 0.000000 -0.387203 0.000000 -0.921994 -0.921994 -0.000000 0.387203
1.895092 -1.068439 -1.353718 0.000000 -1.000000 0.000000 -0.263552 0.000000 -0.964645 -0.964645 0.000000 0.263552
triangle
1.895092 -1.068439 -1.353718 0.000000 -1.000000 0.000000 -0.263552 0.000000 -0.964645 -0.964645 0.000000 0.263552
1.853046 -1.068439 -1.477582 0.000000 -1.000000 0.000000 -0.387203 0.000000 -0.921994 -0.921994 -0.000000 0.387203
1.968531 -1.034945 -1.525418 0.461837 -0.866085 -0.191290 -0.388834 -0.003860 -0.921300 -0.797190 -0.499873 0.338548
triangle
1.895092 -1.068439 -1.353718 0.000000 -1.000000 0.000000 -0.263552 0.000000 -0.964645 -0.964645 0.000000 0.263552
1.968531 -1.034945 -1.525418 0.461837 -0.866085 -0.191290 -0.388834 -0.003860 -0.921300 -0.797190 -0.499873 0.338548
2.015833 -1.034945 -1.386070 0.482833 -0.866085 -0.129368 -0.265254 -0.003857 -0.964171 -0.834569 -0.499857 0.231599
triangle
2.015833 -1.034945 -1.386070 0.482833 -0.866085 -0.129368 -0.265254 -0.003857 -0.964171 -0.834569 -0.499857 0.231599
1.968531 -1.034945 -1.525418 0.461837 -0.866085 -0.191290 -0.388834 -0.003860 -0.921300 -0.797190 -0.499873 0.338548
2.053072 -0.943439 -1.560436 0.800043 -0.500107 -0.331370 -0.384743 -0.003902 -0.923015 -0.460318 -0.865952 0.195536
triangle
2.015833 -1.034945 -1.386070 0.482833 -0.866085 -0.129368 -0.265254 -0.003857 -0.964171 -0.834569 -0.499857 0.231599
2.053072 -0.943439 -1.560436 0.800043 -0.500107 -0.331370 -0.384743 -0.003902 -0.923015 -0.460318 -0.865952 0.195536
2.104222 -0.943439 -1.409754 0.836451 -0.500107 -0.224128 -0.254837 0.007125 -0.966958 -0.485182 -0.865933 0.121486
triangle
2.104222 -0.943439 -1.409754 0.836451 -0.500107 -0.224128 -0.254837 0.007125 -0.966958 -0.485182 -0.865933 0.121486
2.053072 -0.943439 -1.560436 0.800043 -0.500107 -0.331370 -0.384743 -0.003902 -0.923015 -0.460318 -0.865952 0.195536
2.084016 -0.818439 -1.573253 0.923856 0.000000 -0.382672 -0.382682 -0.001554 -0.923879 0.000595 -0.999999 0.001436
triangle
2.104222 -0.943439 -1.409754 0.836451 -0.500107 -0.224128 -0.254837 0.007125 -0.966958 -0.485182 -0.865933 0.121486
2.084016 -0.818439 -1.573253 0.923856 0.000000 -0.382672 -0.382682 -0.001554 -0.923879 0.000595 -0.999999 0.001436
2.136574 -0.818439 -1.418422 0.965911 0.000000 -0.258797 -0.258802 -0.001552 -0.965929 0.000402 -0.999999 0.001499
triangle
2.084016 -0.818439 -1.573253 0.923856 0.000000 -0.382672 -0.382682 -0.001554 -0.923879 0.000595 -0.999999 0.001436
2.011698 -0.818439 -1.719899 0.866024 0.000000 -0.499985 -0.499989 -0.001552 -0.866031 0.000776 -0.999999 0.001344
1.982692 -0.693439 -1.703152 0.749931 0.500107 -0.432966 -0.498042 -0.003893 -0.867144 0.435359 -0.865950 -0.246159
triangle
2.084016 -0.818439 -1.573253 0.923856 0.000000 -0.382672 -0.382682 -0.001554 -0.923879 0.000595 -0.999999 0.001436
1.982692 -0.693439 -1.703152 0.749931 0.500107 -0.432966 -0.498042 -0.003893 -0.867144 0.435359 -0.865950 -0.246159
2.053072 -0.693439 -1.560436 0.800043 0.500107 -0.331370 -0.380589 -0.003884 -0.924736 0.463758 -0.865952 -0.187230
triangle
2.053072 -0.693439 -1.560436 0.800043 0.500107 -0.331370 -0.380589 -0.003884 -0.924736 0.463758 -0.865952 -0.187230
1.982692 -0.693439 -1.703152 0.749931 0.500107 -0.432966 -0.498042 -0.003893 -0.867144 0.435359 -0.865950 -0.246159
1.903445 -0.601933 -1.657399 0.432905 0.866085 -0.249916 -0.494197 -0.003836 -0.869342 0.753895 -0.499858 -0.426362
triangle
2.053072 -0.693439 -1.560436 0.800043 0.500107 -0.331370 -0.380589 -0.003884 -0.924736 0.463758 -0.865952 -0.187230
1.903445 -0.601933 -1.657399 0.432905 0.866085 -0.249916 -0.494197 -0.003836 -0.869342 0.753895 -0.499858 -0.426362
1.968531 -0.601933 -1.525418 0.461837 0.866085 -0.191290 -0.376508 -0.003841 -0.926405 0.803085 -0.499873 -0.324316
triangle
1.968531 -0.601933 -1.525418 0.461837 0.866085 -0.191290 -0.376508 -0.003841 -0.926405 0.803085 -0.499873 -0.324316
1.903445 -0.601933 -1.657399 0.432905 0.866085 -0.249916 -0.494197 -0.003836 -0.869342 0.753895 -0.499858 -0.426362
1.795192 -0.568439 -1.594899 0.000000 1.000000 0.000000 -0.495740 0.000000 -0.868471 0.868471 0.000000 -0.495740
triangle
1.968531 -0.601933 -1.525418 0.461837 0.866085 -0.191290 -0.376508 -0.003841 -0.926405 0.803085 -0.499873 -0.324316
1.795192 -0.568439 -1.594899 0.000000 1.000000 0.000000 -0.495740 0.000000 -0.868471 0.868471 0.000000 -0.495740
1.853046 -0.568439 -1.477582 0.000000 1.000000 0.000000 -0.378155 0.000000 -0.925742 0.925742 -0.000000 -0.378155
triangle
1.853046 -0.568439 -1.477582 0.000000 1.000000 0.000000 -0.378155 0.000000 -0.925742 0.925742 -0.000000 -0.378155
1.795192 -0.568439 -1.594899 0.000000 1.000000 0.000000 -0.495740 0.000000 -0.868471 0.868471 0.000000 -0.495740
1.686939 -0.601933 -1.532399 -0.432905 0.866085 0.249916 -0.500214 -0.000164 -0.865902 0.749916 0.499873 -0.433306
triangle
1.853046 -0.568439 -1.477582 0.000000 1.000000 0.000000 -0.378155 0.000000 -0.925742 0.925742 -0.000000 -0.378155
1.686939 -0.601933 -1.532399 -0.432905 0.866085 0.249916 -0.500214 -0.000164 -0.865902 0.749916 0.499873 -0.433306
1.737561 -0.601933 -1.429747 -0.461837 0.866085 0.191290 -0.382913 -0.000153 -0.923784 0.800051 0.499888 -0.331708
triangle
1.737561 -0.601933 -1.429747 -0.461837 0.866085 0.191290 -0.382913 -0.000153 -0.923784 0.800051 0.499888 -0.331708
1.686939 -0.601933 -1.532399 -0.432905 0.866085 0.249916 -0.500214 -0.000164 -0.865902 0.749916 0.499873 -0.433306
1.607692 -0.693439 -1.486646 -0.749931 0.500107 0.432966 -0.499783 0.000421 -0.866150 0.433358 0.865958 -0.249634
triangle
1.737561 -0.601933 -1.429747 -0.461837 0.866085 0.191290 -0.382913 -0.000153 -0.923784 0.800051 0.499888 -0.331708
1.607692 -0.693439 -1.486646 -0.749931 0.500107 0.432966 -0.499783 0.000421 -0.866150 0.433358 0.865958 -0.249634
1.653020 -0.693439 -1.394729 -0.800043 0.500107 0.331370 -0.382445 0.000413 -0.923978 0.462229 0.865961 -0.190935
triangle
1.653020 -0.693439 -1.394729 -0.800043 0.500107 0.331370 -0.382445 0.000413 -0.923978 0.462229 0.865961 -0.190935
1.607692 -0.693439 -1.486646 -0.749931 0.500107 0.432966 -0.499783 0.000421 -0.866150 0.433358 0.865958 -0.249634
1.578686 -0.818439 -1.469899 -0.866024 0.000000 0.499985 -0.499986 0.003893 -0.866025 0.001946 0.999992 0.003372
triangle
1.653020 -0.693439 -1.394729 -0.800043 0.500107 0.331370 -0.382445 0.000413 -0.923978 0.462229 0.865961 -0.190935
1.578686 -0.818439 -1.469899 -0.866024 0.000000 0.499985 -0.499986 0.003893 -0.866025 0.001946 0.999992 0.003372
1.622076 -0.818439 -1.381911 -0.923856 0.000000 0.382672 -0.382679 0.003894 -0.923873 0.001490 0.999992 0.003597
triangle
1.622076 -0.818439 -1.381911 -0.923856 0.000000 0.382672 -0.382679 0.003894 -0.923873 0.001490 0.999992 0.003597
1.578686 -0.818439 -1.469899 -0.866024 0.000000 0.499985 -0.499986 0.003893 -0.866025 0.001946 0.999992 0.003372
1.607692 -0.943439 -1.486645 -0.749931 -0.500107 0.432966 -0.500207 0.000426 -0.865906 -0.432869 0.865958 0.250482
triangle
1.622076 -0.818439 -1.381911 -0.923856 0.000000 0.382672 -0.382679 0.003894 -0.923873 0.001490 0.999992 0.003597
1.607692 -0.943439 -1.486645 -0.749931 -0.500107 0.432966 -0.500207 0.000426 -0.865906 -0.432869 0.865958 0.250482
1.653020 -0.943439 -1.394729 -0.800043 -0.500107 0.331370 -0.382894 0.000429 -0.923792 -0.461857 0.865961 0.191833
triangle
1.653020 -0.943439 -1.394729 -0.800043 -0.500107 0.331370 -0.382894 0.000429 -0.923792 -0.461857 0.865961 0.191833
1.607692 -0.943439 -1.486645 -0.749931 -0.500107 0.432966 -0.500207 0.000426 -0.865906 -0.432869 0.865958 0.250482
1.686939 -1.034945 -1.532399 -0.432905 -0.866085 0.249916 -0.499780 -0.000125 -0.866153 -0.750205 0.499873 0.432804
triangle
1.653020 -0.943439 -1.394729 -0.800043 -0.500107 0.331370 -0.382894 0.000429 -0.923792 -0.461857 0.865961 0.191833
1.686939 -1.034945 -1.532399 -0.432905 -0.866085 0.249916 -0.499780 -0.000125 -0.866153 -0.750205 0.499873 0.432804
1.737561 -1.034945 -1.429747 -0.461837 -0.866085 0.191290 -0.382445 -0.000139 -0.923978 -0.800275 0.499888 0.331168
triangle
1.737561 -1.034945 -1.429747 -0.461837 -0.866085 0.191290 -0.382445 -0.000139 -0.923978 -0.800275 0.499888 0.331168
1.686939 -1.034945 -1.532399 -0.432905 -0.866085 0.249916 -0.499780 -0.000125 -0.866153 -0.750205 0.499873 0.432804
1.795192 -1.068439 -1.594899 0.000000 -1.000000 0.000000 -0.504249 0.000000 -0.863558 -0.863558 -0.000000 0.504249
triangle
1.737561 -1.034945 -1.429747 -0.461837 -0.866085 0.191290 -0.382445 -0.000139 -0.923978 -0.800275 0.499888 0.331168
1.795192 -1.068439 -1.594899 0.000000 -1.000000 0.000000 -0.504249 0.000000 -0.863558 -0.863558 -0.000000 0.504249
1.853046 -1.068439 -1.477582 0.000000 -1.000000 0.000000 -0.387203 0.000000 -0.921994 -0.921994 -0.000000 0.387203
triangle
1.853046 -1.068439 -1.477582 0.000000 -1.000000 0.000000 -0.387203 0.000000 -0.921994 -0.921994 -0.000000 0.387203
1.795192 -1.068439 -1.594899 0.000000 -1.000000 0.000000 -0.504249 0.000000 -0.863558 -0.863558 -0.000000 0.504249
1.903445 -1.034945 -1.657399 0.432905 -0.866085 -0.249916 -0.505756 -0.003868 -0.862668 -0.746189 -0.499858 0.439710
triangle
1.853046 -1.068439 -1.477582 0.000000 -1.000000 0.000000 -0.387203 0.000000 -0.921994 -0.921994 -0.000000 0.387203
1.903445 -1.034945 -1.657399 0.432905 -0.866085 -0.249916 -0.505756 -0.003868 -0.862668 -0.746189 -0.499858 0.439710
1.968531 -1.034945 -1.525418 0.461837 -0.866085 -0.191290 -0.388834 -0.003860 -0.921300 -0.797190 -0.499873 0.338548
triangle
1.968531 -1.034945 -1.525418 0.461837 -0.866085 -0.191290 -0.388834 -0.003860 -0.921300 -0.797190 -0.499873 0.338548
1.903445 -1.034945 -1.657399 0.432905 -0.866085 -0.249916 -0.505756 -0.003868 -0.862668 -0.746189 -0.499858 0.439710
1.982692 -0.943439 -1.703152 0.749931 -0.500107 -0.432966 -0.501938 -0.003898 -0.864895 -0.430860 -0.865950 0.253951
triangle
1.968531 -1.034945 -1.525418 0.461837 -0.866085 -0.191290 -0.388834 -0.003860 -0.921300 -0.797190 -0.499873 0.338548
1.982692 -0.943439 -1.703152 0.749931 -0.500107 -0.432966 -0.501938 -0.003898 -0.864895 -0.430860 -0.865950 0.253951
2.053072 -0.943439 -1.560436 0.800043 -0.500107 -0.331370 -0.384743 -0.003902 -0.923015 -0.460318 -0.865952 0.195536
triangle
2.053072 -0.943439 -1.560436 0.800043 -0.500107 -0.331370 -0.384743 -0.003902 -0.923015 -0.460318 -0.865952 0.195536
1.982692 -0.943439 -1.703152 0.749931 -0.500107 -0.432966 -0.501938 -0.003898 -0.864895 -0.430860 -0.865950 0.253951
2.011698 -0.818439 -1.719899 0.866024 0.000000 -0.499985 -0.499989 -0.001552 -0.866031 0.000776 -0.999999 0.001344
triangle
2.053072 -0.943439 -1.560436 0.800043 -0.500107 -0.331370 -0.384743 -0.003902 -0.923015 -0.460318 -0.865952 0.195536
2.011698 -0.818439 -1.719899 0.866024 0.000000 -0.499985 -0.499989 -0.001552 -0.866031 0.000776 -0.999999 0.001344
2.084016 -0.818439 -1.573253 0.923856 0.000000 -0.382672 -0.382682 -0.001554 -0.923879 0.000595 -0.999999 0.001436
triangle
2.011698 -0.818439 -1.719899 0.866024 0.000000 -0.499985 -0.499989 -0.001552 -0.866031 0.000776 -0.999999 0.001344
1.920858 -0.818439 -1.855850 0.793329 0.000000 -0.608753 -0.608767 -0.001554 -0.793347 0.000946 -0.999999 0.001233
1.894286 -0.693439 -1.835461 0.687002 0.500107 -0.527146 -0.606968 -0.003886 -0.794717 0.399499 -0.865949 -0.300885
triangle
2.011698 -0.818439 -1.719899 0.866024 0.000000 -0.499985 -0.499989 -0.001552 -0.866031 0.000776 -0.999999 0.001344
1.894286 -0.693439 -1.835461 0.687002 0.500107 -0.527146 -0.606968 -0.003886 -0.794717 0.399499 -0.865949 -0.300885
1.982692 -0.693439 -1.703152 0.749931 0.500107 -0.432966 -0.498042 -0.003893 -0.867144 0.435359 -0.865950 -0.246159
triangle
1.982692 -0.693439 -1.703152 0.749931 0.500107 -0.432966 -0.498042 -0.003893 -0.867144 0.435359 -0.865950 -0.246159
1.894286 -0.693439 -1.835461 0.687002 0.500107 -0.527146 -0.606968 -0.003886 -0.794717 0.399499 -0.865949 -0.300885
1.821689 -0.601933 -1.779755 0.396588 0.866085 -0.304300 -0.603443 -0.003845 -0.797397 0.691789 -0.499870 -0.521112
triangle
1.982692 -0.693439 -1.703152 0.749931 0.500107 -0.432966 -0.498042 -0.003893 -0.867144 0.435359 -0.865950 -0.246159
1.821689 -0.601933 -1.779755 0.396588 0.866085 -0.304300 -0.603443 -0.003845 -0.797397 0.691789 -0.499870 -0.521112
1.903445 -0.601933 -1.657399 0.432905 0.866085 -0.249916 -0.494197 -0.003836 -0.869342 0.753895 -0.499858 -0.426362
triangle
1.903445 -0.601933 -1.657399 0.432905 0.866085 -0.249916 -0.494197 -0.003836 -0.869342 0.753895 -0.499858 -0.426362
1.821689 -0.601933 -1.779755 0.396588 0.866085 -0.304300 -0.603443 -0.003845 -0.797397 0.691789 -0.499870 -0.521112
1.722520 -0.568439 -1.703660 0.000000 1.000000 0.000000 -0.604862 0.000000 -0.796330 0.796330 0.000000 -0.604862
triangle
1.903445 -0.601933 -1.657399 0.432905 0.866085 -0.249916 -0.494197 -0.003836 -0.869342 0.753895 -0.499858 -0.426362
1.722520 -0.568439 -1.703660 0.000000 1.000000 0.000000 -0.604862 0.000000 -0.796330 0.796330 0.000000 -0.604862
1.795192 -0.568439 -1.594899 0.000000 1.000000 0.000000 -0.495740 0.000000 -0.868471 0.868471 0.000000 -0.495740
triangle
1.795192 -0.568439 -1.594899 0.000000 1.000000 0.000000 -0.495740 0.000000 -0.868471 0.868471 0.000000 -0.495740
1.722520 -0.568439 -1.703660 0.000000 1.000000 0.000000 -0.604862 0.000000 -0.796330 0.796330 0.000000 -0.604862
1.623351 -0.601933 -1.627565 -0.396588 0.866085 0.304300 -0.608960 -0.000156 -0.793201 0.686938 0.499885 -0.527477
triangle
1.795192 -0.568439 -1.594899 0.000000 1.000000 0.000000 -0.495740 0.000000 -0.868471 0.868471 0.000000 -0.495740
1.623351 -0.601933 -1.627565 -0.396588 0.866085 0.304300 -0.608960 -0.000156 -0.793201 0.686938 0.499885 -0.527477
1.686939 -0.601933 -1.532399 -0.432905 0.866085 0.249916 -0.500214 -0.000164 -0.865902 0.749916 0.499873 -0.433306
triangle
1.686939 -0.601933 -1.532399 -0.432905 0.866085 0.249916 -0.500214 -0.000164 -0.865902 0.749916 0.499873 -0.433306
1.623351 -0.601933 -1.627565 -0.396588 0.866085 0.304300 -0.608960 -0.000156 -0.793201 0.686938 0.499885 -0.527477
1.550754 -0.693439 -1.571859 -0.687002 0.500107 0.527146 -0.608563 0.000417 -0.793505 0.397065 0.865958 -0.304066
triangle
1.686939 -0.601933 -1.532399 -0.432905 0.866085 0.249916 -0.500214 -0.000164 -0.865902 0.749916 0.499873 -0.433306
1.550754 -0.693439 -1.571859 -0.687002 0.500107 0.527146 -0.608563 0.000417 -0.793505 0.397065 0.865958 -0.304066
1.607692 -0.693439 -1.486646 -0.749931 0.500107 0.432966 -0.499783 0.000421 -0.866150 0.433358 0.865958 -0.249634
triangle
1.607692 -0.693439 -1.486646 -0.749931 0.500107 0.432966 -0.499783 0.000421 -0.866150 0.433358 0.865958 -0.249634
1.550754 -0.693439 -1.571859 -0.687002 0.500107 0.527146 -0.608563 0.000417 -0.793505 0.397065 0.865958 -0.304066
1.524182 -0.818439 -1.551470 -0.793329 0.000000 0.608753 -0.608763 0.003896 -0.793342 0.002372 0.999992 0.003091
triangle
1.607692 -0.693439 -1.486646 -0.749931 0.500107 0.432966 -0.499783 0.000421 -0.866150 0.433358 0.865958 -0.249634
1.524182 -0.818439 -1.551470 -0.793329 0.000000 0.608753 -0.608763 0.003896 -0.793342 0.002372 0.999992 0.003091
1.578686 -0.818439 -1.469899 -0.866024 0.000000 0.499985 -0.499986 0.003893 -0.866025 0.001946 0.999992 0.003372
triangle
1.578686 -0.818439 -1.469899 -0.866024 0.000000 0.499985 -0.499986 0.003893 -0.866025 0.001946 0.999992 0.003372
1.524182 -0.818439 -1.551470 -0.793329 0.000000 0.608753 -0.608763 0.003896 -0.793342 0.002372 0.999992 0.003091
1.550754 -0.943439 -1.571859 -0.687002 -0.500107 0.527146 -0.608950 0.000426 -0.793209 -0.396473 0.865958 0.304838
triangle
1.578686 -0.818439 -1.469899 -0.866024 0.000000 0.499985 -0.499986 0.003893 -0.866025 0.001946 0.999992 0.003372
1.550754 -0.943439 -1.571859 -0.687002 -0.500107 0.527146 -0.608950 0.000426 -0.793209 -0.396473 0.865958 0.304838
1.607692 -0.943439 -1.486645 -0.749931 -0.500107 0.432966 -0.500207 0.000426 -0.865906 -0.432869 0.865958 0.250482
triangle
1.607692 -0.943439 -1.486645 -0.749931 -0.500107 0.432966 -0.500207 0.000426 -0.865906 -0.432869 0.865958 0.250482
1.550754 -0.943439 -1.571859 -0.687002 -0.500107 0.527146 -0.608950 0.000426 -0.793209 -0.396473 0.865958 0.304838
1.623351 -1.034945 -1.627565 -0.396588 -0.866085 0.304300 -0.608552 -0.000141 -0.793514 -0.687299 0.499885 0.527006
triangle
1.607692 -0.943439 -1.486645 -0.749931 -0.500107 0.432966 -0.500207 0.000426 -0.865906 -0.432869 0.865958 0.250482
1.623351 -1.034945 -1.627565 -0.396588 -0.866085 0.304300 -0.608552 -0.000141 -0.793514 -0.687299 0.499885 0.527006
1.686939 -1.034945 -1.532399 -0.432905 -0.866085 0.249916 -0.499780 -0.000125 -0.866153 -0.750205 0.499873 0.432804
triangle
1.686939 -1.034945 -1.532399 -0.432905 -0.866085 0.249916 -0.499780 -0.000125 -0.866153 -0.750205 0.499873 0.432804
1.623351 -1.034945 -1.627565 -0.396588 -0.866085 0.304300 -0.608552 -0.000141 -0.793514 -0.687299 0.499885 0.527006
1.722520 -1.068439 -1.703660 0.000000 -1.000000 0.000000 -0.612642 0.000000 -0.790361 -0.790361 -0.000000 0.612642
triangle
