triangle
1.889080 3.774059 -1.623030 0.000000 0.000000 -1.000000 0.702493 0.341564 -0.624370 0.080566 -0.909832 -0.407081
2.027300 3.912291 -1.623030 0.000000 0.000000 -1.000000 -0.986656 0.054264 0.153513 -0.162822 -0.328918 -0.930216
2.039500 3.900089 -1.623030 0.000000 0.000000 -1.000000 0.203759 -0.834896 0.511303 -0.677091 -0.497392 -0.542355
triangle
1.889080 3.774059 -1.623030 0.000000 0.000000 -1.000000 0.702493 0.341564 -0.624370 0.080566 -0.909832 -0.407081
2.039500 3.900089 -1.623030 0.000000 0.000000 -1.000000 0.203759 -0.834896 0.511303 -0.677091 -0.497392 -0.542355
1.901280 3.761860 -1.623030 0.000000 0.000000 -1.000000 -0.529273 -0.282824 0.799926 -0.848452 0.176400 -0.499012
triangle
-5.601820 3.809290 -1.497340 -0.052245 0.998340 0.024239 -0.003048 0.024113 -0.999705 -0.998630 -0.052303 0.001783
-5.601820 3.809290 -3.358380 -0.052226 0.998635 0.000000 -0.810228 -0.500503 -0.305003 0.585398 -0.665315 -0.463320
-5.620270 3.806370 -3.358380 -0.258891 0.965907 0.000000 0.068368 -0.309033 -0.948591 -0.966956 -0.254599 0.013252
triangle
-5.601820 3.809290 -1.497340 -0.052245 0.998340 0.024239 -0.003048 0.024113 -0.999705 -0.998630 -0.052303 0.001783
-5.620270 3.806370 -3.358380 -0.258891 0.965907 0.000000 0.068368 -0.309033 -0.948591 -0.966956 -0.254599 0.013252
-5.620270 3.806370 -1.497340 -0.258806 0.965625 0.024245 -0.015517 0.020941 -0.999660 -0.965805 -0.259094 0.009564
triangle
-5.565110 3.803480 -3.358380 0.358351 0.933587 0.000000 -0.100277 -0.300200 -0.948591 -0.935078 0.354195 -0.013243
-5.583160 3.808310 -3.358380 0.156326 0.987706 0.000000 -0.094807 -0.700812 -0.707017 0.989340 -0.145192 0.011253
-5.583160 3.808310 -1.497340 0.156299 0.987412 0.024238 -0.000813 0.024668 -0.999695 -0.987709 0.156232 0.004658
triangle
-5.565110 3.803480 -3.358380 0.358351 0.933587 0.000000 -0.100277 -0.300200 -0.948591 -0.935078 0.354195 -0.013243
-5.583160 3.808310 -1.497340 0.156299 0.987412 0.024238 -0.000813 0.024668 -0.999695 -0.987709 0.156232 0.004658
-5.565110 3.803480 -1.497340 0.358230 0.933318 0.024249 -0.032927 0.038586 -0.998713 -0.933053 0.356971 0.044554
triangle
-5.513710 3.752070 -3.358380 0.933580 0.358370 0.000000 0.290751 0.124911 0.948610 0.362008 -0.932100 0.011781
-5.522190 3.768720 -3.358380 0.838697 0.544598 0.000000 -0.679067 -0.423024 -0.599932 0.534452 -0.845151 -0.009018
-5.522190 3.768720 -1.497340 0.838428 0.544474 0.024243 -0.022861 -0.009308 0.999695 0.544533 -0.838726 0.004644
triangle
-5.513710 3.752070 -3.358380 0.933580 0.358370 0.000000 0.290751 0.124911 0.948610 0.362008 -0.932100 0.011781
-5.522190 3.768720 -1.497340 0.838428 0.544474 0.024243 -0.022861 -0.009308 0.999695 0.544533 -0.838726 0.004644
-5.513710 3.752070 -1.497340 0.933309 0.358255 0.024237 0.011823 -0.098122 0.995104 0.358879 -0.928453 -0.095814
triangle
-5.672090 3.671370 -1.497340 -0.838451 -0.544438 0.024235 -0.020701 -0.012620 -0.999706 0.544584 -0.838706 -0.000689
-5.680570 3.688020 -1.497340 -0.933290 -0.358305 0.024240 -0.026076 0.000293 -0.999660 0.358176 -0.933605 -0.009617
-5.680570 3.688020 -3.358380 -0.933554 -0.358436 0.000000 0.749730 -0.164302 -0.641022 -0.046290 0.953293 -0.298480
triangle
-5.672090 3.671370 -1.497340 -0.838451 -0.544438 0.024235 -0.020701 -0.012620 -0.999706 0.544584 -0.838706 -0.000689
-5.680570 3.688020 -3.358380 -0.933554 -0.358436 0.000000 0.749730 -0.164302 -0.641022 -0.046290 0.953293 -0.298480
-5.672090 3.671370 -3.358380 -0.838690 -0.544609 0.000000 0.368607 0.253458 -0.894365 0.549007 -0.835751 -0.010578
triangle
-5.546770 3.783950 -2.886510 -0.707102 -0.707112 0.000000 0.359985 0.862484 0.355713 -0.493980 0.499650 -0.711571
-5.546770 3.783950 -3.151020 -0.707102 -0.707112 0.000000 0.360082 0.862386 -0.355854 0.493906 -0.499820 -0.711503
-5.533230 3.770410 -3.151020 -0.707102 -0.707112 0.000000 -0.863434 -0.359043 0.354359 -0.498010 0.494686 -0.712230
triangle
-5.546770 3.783950 -2.886510 -0.707102 -0.707112 0.000000 0.359985 0.862484 0.355713 -0.493980 0.499650 -0.711571
-5.533230 3.770410 -3.151020 -0.707102 -0.707112 0.000000 -0.863434 -0.359043 0.354359 -0.498010 0.494686 -0.712230
-5.533230 3.770410 -2.886510 -0.707102 -0.707112 0.000000 -0.861001 -0.361448 -0.357816 0.502203 -0.492932 -0.710501
triangle
-5.683460 3.743170 -1.497340 -0.965643 0.258741 0.024240 -0.024026 0.003988 -0.999703 -0.258761 -0.965939 0.002365
-5.683460 3.743170 -3.358380 -0.965930 0.258803 0.000000 0.744732 -0.297672 -0.597298 0.330888 0.941955 -0.056875
-5.686390 3.724720 -3.358380 -0.998622 0.052483 0.000000 0.242397 -0.008981 -0.970136 -0.051574 -0.998663 -0.003641
triangle
-5.683460 3.743170 -1.497340 -0.965643 0.258741 0.024240 -0.024026 0.003988 -0.999703 -0.258761 -0.965939 0.002365
-5.686390 3.724720 -3.358380 -0.998622 0.052483 0.000000 0.242397 -0.008981 -0.970136 -0.051574 -0.998663 -0.003641
-5.686390 3.724720 -1.497340 -0.998330 0.052433 0.024250 -0.024216 0.001279 -0.999706 0.052449 0.998624 0.000007
triangle
-5.533230 3.669630 -2.886510 0.130484 -0.130484 0.982826 -0.786799 0.592408 -0.173206 -0.517227 -0.479724 0.708760
-5.546770 3.656090 -2.886510 0.130484 -0.130484 0.982826 -0.032306 0.832112 -0.553665 -0.495705 -0.494362 -0.714061
-5.371570 3.480880 -2.933030 0.130484 -0.130484 0.982826 0.863853 -0.216457 -0.454867 -0.498705 -0.494888 -0.711604
triangle
-5.533230 3.669630 -2.886510 0.130484 -0.130484 0.982826 -0.786799 0.592408 -0.173206 -0.517227 -0.479724 0.708760
-5.371570 3.480880 -2.933030 0.130484 -0.130484 0.982826 0.863853 -0.216457 -0.454867 -0.498705 -0.494888 -0.711604
-5.358020 3.494430 -2.933030 0.130484 -0.130484 0.982826 0.217056 -0.863247 -0.455732 -0.494628 -0.499753 0.711049
triangle
-5.651120 3.678440 -1.623030 0.000000 0.000000 -1.000000 -0.340530 -0.702582 -0.624835 -0.910212 0.079744 0.406392
-5.638920 3.666240 -1.623030 0.000000 0.000000 -1.000000 0.282812 0.529371 0.799865 0.176463 -0.848390 0.499094
-5.777150 3.528020 -1.623030 0.000000 0.000000 -1.000000 0.835064 -0.203559 0.511108 -0.497116 -0.677173 0.542505
triangle
-5.651120 3.678440 -1.623030 0.000000 0.000000 -1.000000 -0.340530 -0.702582 -0.624835 -0.910212 0.079744 0.406392
-5.777150 3.528020 -1.623030 0.000000 0.000000 -1.000000 0.835064 -0.203559 0.511108 -0.497116 -0.677173 0.542505
-5.789350 3.540220 -1.623030 0.000000 0.000000 -1.000000 0.054218 -0.986671 -0.153428 0.328873 0.162726 -0.930249
triangle
1.806030 3.665860 -1.623030 0.000000 0.000000 -1.000000 0.702567 0.340984 0.624604 0.080079 -0.910031 0.406731
1.667800 3.527640 -1.623030 0.000000 0.000000 -1.000000 -0.986641 0.054310 -0.153590 -0.162910 -0.328849 0.930225
1.655600 3.539840 -1.623030 0.000000 0.000000 -1.000000 0.203400 -0.835164 -0.511008 -0.677243 -0.496930 0.542588
triangle
1.806030 3.665860 -1.623030 0.000000 0.000000 -1.000000 0.702567 0.340984 0.624604 0.080079 -0.910031 0.406731
1.655600 3.539840 -1.623030 0.000000 0.000000 -1.000000 0.203400 -0.835164 -0.511008 -0.677243 -0.496930 0.542588
1.793830 3.678060 -1.623030 0.000000 0.000000 -1.000000 0.529243 0.282816 0.799948 0.848471 -0.176446 -0.498964
triangle
-5.638550 3.774060 -1.623030 0.000000 0.000000 -1.000000 0.702533 -0.341126 0.624564 -0.080228 -0.909996 -0.406781
-5.650750 3.761860 -1.623030 0.000000 0.000000 -1.000000 0.528837 -0.282916 0.800181 -0.848724 -0.176254 0.498601
-5.788970 3.900090 -1.623030 0.000000 0.000000 -1.000000 0.204064 0.834673 -0.511546 0.677000 -0.497768 -0.542124
triangle
-5.638550 3.774060 -1.623030 0.000000 0.000000 -1.000000 0.702533 -0.341126 0.624564 -0.080228 -0.909996 -0.406781
-5.788970 3.900090 -1.623030 0.000000 0.000000 -1.000000 0.204064 0.834673 -0.511546 0.677000 -0.497768 -0.542124
-5.776770 3.912290 -1.623030 0.000000 0.000000 -1.000000 -0.986910 -0.053752 -0.152050 0.161271 -0.329003 -0.930456
triangle
2.027300 3.912290 -1.601850 0.376214 0.376216 0.846714 -0.483425 -0.428660 0.763250 -0.834655 0.488573 -0.254257
1.960570 3.845560 -1.542550 0.471489 0.471490 0.745248 -0.406062 -0.528267 0.745687 -0.868976 -0.029341 -0.493984
1.972770 3.833360 -1.542550 0.471489 0.471490 0.745248 -0.528253 -0.406333 0.745548 0.029109 0.868876 0.494173
triangle
2.027300 3.912290 -1.601850 0.376214 0.376216 0.846714 -0.483425 -0.428660 0.763250 -0.834655 0.488573 -0.254257
1.972770 3.833360 -1.542550 0.471489 0.471490 0.745248 -0.528253 -0.406333 0.745548 0.029109 0.868876 0.494173
2.039500 3.900090 -1.601850 0.376214 0.376216 0.846714 0.255934 0.155680 -0.954076 0.408769 -0.911799 -0.039128
triangle
1.901650 3.678440 -1.623030 0.000000 0.000000 -1.000000 0.341126 -0.702530 -0.624568 -0.909990 -0.080207 -0.406798
2.039880 3.540220 -1.623030 0.000000 0.000000 -1.000000 -0.054229 -0.986667 -0.153450 0.328872 -0.162750 0.930245
2.027680 3.528020 -1.623030 0.000000 0.000000 -1.000000 -0.834996 -0.203651 0.511183 -0.497230 0.677145 -0.542437
triangle
1.901650 3.678440 -1.623030 0.000000 0.000000 -1.000000 0.341126 -0.702530 -0.624568 -0.909990 -0.080207 -0.406798
2.027680 3.528020 -1.623030 0.000000 0.000000 -1.000000 -0.834996 -0.203651 0.511183 -0.497230 0.677145 -0.542437
1.889450 3.666240 -1.623030 0.000000 0.000000 -1.000000 0.282841 -0.529241 -0.799941 -0.176412 -0.848472 0.498974
triangle
-3.977430 3.712990 -2.466260 0.000000 1.000000 0.000000 -0.307252 -0.161647 -0.937799 0.679081 -0.727616 -0.097070
-4.011760 3.712990 -2.466260 0.000000 1.000000 0.000000 0.647466 -0.184111 -0.739521 0.369247 0.924658 0.093081
-4.011760 3.712990 -1.703780 0.000000 0.986485 0.163853 0.040289 0.176953 -0.983394 0.947827 0.304714 0.093663
triangle
-3.977430 3.712990 -2.466260 0.000000 1.000000 0.000000 -0.307252 -0.161647 -0.937799 0.679081 -0.727616 -0.097070
-4.011760 3.712990 -1.703780 0.000000 0.986485 0.163853 0.040289 0.176953 -0.983394 0.947827 0.304714 0.093663
-3.977430 3.712990 -1.703780 0.000000 0.986485 0.163853 -0.067805 0.185730 -0.980259 0.946257 -0.299445 -0.122189
triangle
-3.977430 3.408000 -2.466260 0.000000 0.000000 -1.000000 0.476096 -0.497747 0.724969 -0.573488 -0.800710 -0.173133
-4.011760 3.408000 -2.466260 0.000000 0.000000 -1.000000 0.125669 0.340276 -0.931890 0.734685 -0.663150 -0.143071
-4.011760 3.712990 -2.466260 0.000000 0.000000 -1.000000 0.647466 -0.184111 -0.739521 0.369247 0.924658 0.093081
triangle
-3.977430 3.408000 -2.466260 0.000000 0.000000 -1.000000 0.476096 -0.497747 0.724969 -0.573488 -0.800710 -0.173133
-4.011760 3.712990 -2.466260 0.000000 0.000000 -1.000000 0.647466 -0.184111 -0.739521 0.369247 0.924658 0.093081
-3.977430 3.712990 -2.466260 0.000000 0.000000 -1.000000 -0.307252 -0.161647 -0.937799 0.679081 -0.727616 -0.097070
triangle
-3.993380 3.308410 -0.727958 -0.111212 -0.993036 0.038889 0.007084 -0.065150 -0.997850 -0.999974 -0.001840 -0.006979
-4.019750 3.315980 -0.727958 -0.513301 -0.856245 0.058018 -0.021866 -0.054533 -0.998273 -0.857930 0.513683 -0.009269
-4.019750 3.315980 -1.097780 -0.514102 -0.857703 -0.006653 -0.013880 0.000564 0.999904 -0.857617 0.514145 -0.012195
triangle
-3.993380 3.308410 -0.727958 -0.111212 -0.993036 0.038889 0.007084 -0.065150 -0.997850 -0.999974 -0.001840 -0.006979
-4.019750 3.315980 -1.097780 -0.514102 -0.857703 -0.006653 -0.013880 0.000564 0.999904 -0.857617 0.514145 -0.012195
-3.993380 3.308410 -1.097780 -0.025274 -0.999658 -0.006687 0.034422 -0.007555 0.999379 -0.999088 0.025028 0.034602
triangle
-3.977430 3.408000 -1.170040 0.000000 -1.000000 0.000000 -0.312405 0.254017 0.915357 -0.763714 -0.640198 -0.082992
-4.011760 3.408000 -1.170040 0.000000 -1.000000 0.000000 -0.569307 0.575638 -0.586967 0.597282 0.780205 0.185835
-4.011760 3.408000 -2.466260 0.000000 -1.000000 0.000000 0.125669 0.340276 -0.931890 0.734685 -0.663150 -0.143071
triangle
-3.977430 3.408000 -1.170040 0.000000 -1.000000 0.000000 -0.312405 0.254017 0.915357 -0.763714 -0.640198 -0.082992
-4.011760 3.408000 -2.466260 0.000000 -1.000000 0.000000 0.125669 0.340276 -0.931890 0.734685 -0.663150 -0.143071
-3.977430 3.408000 -2.466260 0.000000 -1.000000 0.000000 0.476096 -0.497747 0.724969 -0.573488 -0.800710 -0.173133
triangle
0.361274 3.712990 -1.703780 0.000000 0.986485 0.163853 -0.067665 0.185686 -0.980277 0.946267 -0.299472 -0.122044
0.326943 3.712990 -1.703780 0.000000 0.986485 0.163853 0.040295 0.176955 -0.983394 0.947827 0.304713 0.093669
0.326943 3.597000 -1.364250 0.000000 0.852265 0.523111 -0.174777 0.357924 -0.917248 0.685167 0.713241 0.147762
triangle
0.361274 3.712990 -1.703780 0.000000 0.986485 0.163853 -0.067665 0.185686 -0.980277 0.946267 -0.299472 -0.122044
0.326943 3.597000 -1.364250 0.000000 0.852265 0.523111 -0.174777 0.357924 -0.917248 0.685167 0.713241 0.147762
0.361274 3.597000 -1.364250 0.000000 0.852265 0.523111 0.174765 0.357936 -0.917245 0.685170 -0.713235 -0.147778
triangle
0.361274 3.712990 -2.466260 0.000000 1.000000 0.000000 -0.307246 -0.161654 -0.937800 0.679084 -0.727615 -0.097062
0.326943 3.712990 -2.466260 0.000000 1.000000 0.000000 0.647463 -0.184116 -0.739522 0.369252 0.924657 0.093077
0.326943 3.712990 -1.703780 0.000000 0.986485 0.163853 0.040295 0.176955 -0.983394 0.947827 0.304713 0.093669
triangle
0.361274 3.712990 -2.466260 0.000000 1.000000 0.000000 -0.307246 -0.161654 -0.937800 0.679084 -0.727615 -0.097062
0.326943 3.712990 -1.703780 0.000000 0.986485 0.163853 0.040295 0.176955 -0.983394 0.947827 0.304713 0.093669
0.361274 3.712990 -1.703780 0.000000 0.986485 0.163853 -0.067665 0.185686 -0.980277 0.946267 -0.299472 -0.122044
triangle
0.361274 3.408000 -2.466260 0.000000 0.000000 -1.000000 0.476075 -0.497777 0.724963 -0.573506 -0.800692 -0.173160
0.326943 3.408000 -2.466260 0.000000 0.000000 -1.000000 0.125671 0.340274 -0.931891 0.734685 -0.663151 -0.143068
0.326943 3.712990 -2.466260 0.000000 0.000000 -1.000000 0.647463 -0.184116 -0.739522 0.369252 0.924657 0.093077
triangle
0.361274 3.408000 -2.466260 0.000000 0.000000 -1.000000 0.476075 -0.497777 0.724963 -0.573506 -0.800692 -0.173160
0.326943 3.712990 -2.466260 0.000000 0.000000 -1.000000 0.647463 -0.184116 -0.739522 0.369252 0.924657 0.093077
0.361274 3.712990 -2.466260 0.000000 0.000000 -1.000000 -0.307246 -0.161654 -0.937800 0.679084 -0.727615 -0.097062
triangle
0.361274 3.408000 -1.170040 0.000000 -1.000000 0.000000 -0.312409 0.254013 0.915357 -0.763713 -0.640199 -0.082997
0.326943 3.408000 -1.170040 0.000000 -1.000000 0.000000 -0.569311 0.575633 -0.586968 0.597278 0.780209 0.185831
0.326943 3.408000 -2.466260 0.000000 -1.000000 0.000000 0.125671 0.340274 -0.931891 0.734685 -0.663151 -0.143068
triangle
0.361274 3.408000 -1.170040 0.000000 -1.000000 0.000000 -0.312409 0.254013 0.915357 -0.763713 -0.640199 -0.082997
0.326943 3.408000 -2.466260 0.000000 -1.000000 0.000000 0.125671 0.340274 -0.931891 0.734685 -0.663151 -0.143068
0.361274 3.408000 -2.466260 0.000000 -1.000000 0.000000 0.476075 -0.497777 0.724963 -0.573506 -0.800692 -0.173160
triangle
1.806030 3.665860 -1.468420 0.707114 0.707099 0.000000 0.506915 -0.473687 -0.720179 -0.325078 -0.878842 0.349231
1.806030 3.665860 -1.623030 0.707114 0.707099 0.000000 0.702567 0.340984 0.624604 0.080079 -0.910031 0.406731
1.793830 3.678060 -1.623030 0.707114 0.707099 0.000000 0.529243 0.282816 0.799948 0.848471 -0.176446 -0.498964
triangle
1.806030 3.665860 -1.468420 0.707114 0.707099 0.000000 0.506915 -0.473687 -0.720179 -0.325078 -0.878842 0.349231
1.793830 3.678060 -1.623030 0.707114 0.707099 0.000000 0.529243 0.282816 0.799948 0.848471 -0.176446 -0.498964
1.793830 3.678060 -1.468420 0.707114 0.707099 0.000000 -0.504323 0.210119 -0.837561 0.796037 0.489011 -0.356642
triangle
1.667800 3.527640 -1.623030 -0.707102 -0.707112 0.000000 -0.986641 0.054310 -0.153590 -0.162910 -0.328849 0.930225
1.667800 3.527640 -1.601850 -0.707102 -0.707112 0.000000 -0.483373 -0.428695 -0.763264 -0.834684 0.488554 0.254202
1.655600 3.539840 -1.601850 -0.707102 -0.707112 0.000000 -0.256168 -0.155115 -0.954105 -0.408609 0.911895 -0.038545
triangle
1.667800 3.527640 -1.623030 -0.707102 -0.707112 0.000000 -0.986641 0.054310 -0.153590 -0.162910 -0.328849 0.930225
1.655600 3.539840 -1.601850 -0.707102 -0.707112 0.000000 -0.256168 -0.155115 -0.954105 -0.408609 0.911895 -0.038545
1.655600 3.539840 -1.623030 -0.707102 -0.707112 0.000000 0.203400 -0.835164 -0.511008 -0.677243 -0.496930 0.542588
triangle
1.793450 3.761490 -1.468420 0.707102 -0.707112 0.000000 -0.473918 -0.506823 -0.720092 -0.878719 0.325181 0.349444
1.793450 3.761490 -1.623030 0.707102 -0.707112 0.000000 0.341218 -0.702534 0.624513 -0.909953 -0.080279 0.406867
1.805650 3.773690 -1.623030 0.707102 -0.707112 0.000000 0.282855 -0.529090 0.800036 -0.176367 -0.848566 -0.498830
triangle
1.793450 3.761490 -1.468420 0.707102 -0.707112 0.000000 -0.473918 -0.506823 -0.720092 -0.878719 0.325181 0.349444
1.805650 3.773690 -1.623030 0.707102 -0.707112 0.000000 0.282855 -0.529090 0.800036 -0.176367 -0.848566 -0.498830
1.805650 3.773690 -1.468420 0.707102 -0.707112 0.000000 0.210159 0.504250 -0.837595 0.489062 -0.796055 -0.356532
triangle
1.793450 3.761490 -1.468420 -0.094321 0.094322 0.991064 -0.473918 -0.506823 -0.720092 -0.878719 0.325181 0.349444
1.805650 3.773690 -1.468420 -0.094321 0.094322 0.991064 0.210159 0.504250 -0.837595 0.489062 -0.796055 -0.356532
1.772290 3.807050 -1.474770 -0.094321 0.094322 0.991064 -0.529112 0.674458 -0.514924 0.834635 0.523113 -0.172448
triangle
1.793450 3.761490 -1.468420 -0.094321 0.094322 0.991064 -0.473918 -0.506823 -0.720092 -0.878719 0.325181 0.349444
1.772290 3.807050 -1.474770 -0.094321 0.094322 0.991064 -0.529112 0.674458 -0.514924 0.834635 0.523113 -0.172448
1.760090 3.794850 -1.474770 -0.094321 0.094322 0.991064 -0.565102 0.692173 -0.448950 0.517240 0.721181 0.460827
triangle
1.889080 3.774060 -1.468420 -0.707109 -0.707105 0.000000 -0.506954 0.473546 -0.720244 0.324920 0.878922 0.349174
1.889080 3.774059 -1.623030 -0.707109 -0.707105 0.000000 0.702493 0.341564 -0.624370 0.080566 -0.909832 -0.407081
1.901280 3.761860 -1.623030 -0.707109 -0.707105 0.000000 -0.529273 -0.282824 0.799926 -0.848452 0.176400 -0.499012
triangle
1.889080 3.774060 -1.468420 -0.707109 -0.707105 0.000000 -0.506954 0.473546 -0.720244 0.324920 0.878922 0.349174
1.901280 3.761860 -1.623030 -0.707109 -0.707105 0.000000 -0.529273 -0.282824 0.799926 -0.848452 0.176400 -0.499012
1.901280 3.761860 -1.468420 -0.707109 -0.707105 0.000000 0.504518 -0.209995 -0.837474 -0.795864 -0.489185 -0.356789
triangle
1.889080 3.774060 -1.468420 0.094306 0.094308 0.991066 -0.506954 0.473546 -0.720244 0.324920 0.878922 0.349174
1.901280 3.761860 -1.468420 0.094306 0.094308 0.991066 0.504518 -0.209995 -0.837474 -0.795864 -0.489185 -0.356789
1.934640 3.795230 -1.474770 0.094306 0.094308 0.991066 -0.674538 -0.528976 0.514959 -0.523006 0.834719 0.172362
triangle
1.889080 3.774060 -1.468420 0.094306 0.094308 0.991066 -0.506954 0.473546 -0.720244 0.324920 0.878922 0.349174
1.934640 3.795230 -1.474770 0.094306 0.094308 0.991066 -0.674538 -0.528976 0.514959 -0.523006 0.834719 0.172362
1.922440 3.807430 -1.474770 0.094306 0.094308 0.991066 -0.691811 -0.565386 0.449151 -0.721527 0.516950 -0.460610
triangle
1.758420 3.715370 -3.358380 -0.998631 -0.052302 0.000000 0.705938 0.040722 -0.707102 -0.054946 0.998486 0.002648
1.758420 3.715370 -1.497340 -0.998336 -0.052328 0.024229 -0.024196 -0.001267 -0.999707 0.052343 -0.998629 -0.000001
1.759400 3.734020 -1.497340 -0.987377 0.156521 0.024226 -0.036958 -0.078955 -0.996193 0.154012 0.984514 -0.083743
triangle
1.758420 3.715370 -3.358380 -0.998631 -0.052302 0.000000 0.705938 0.040722 -0.707102 -0.054946 0.998486 0.002648
1.759400 3.734020 -1.497340 -0.987377 0.156521 0.024226 -0.036958 -0.078955 -0.996193 0.154012 0.984514 -0.083743
1.759400 3.734020 -3.358380 -0.987663 0.156594 0.000000 0.312856 -0.046171 -0.948678 -0.155534 -0.987825 -0.003216
triangle
1.778220 3.663800 -1.497340 -0.776879 -0.629184 0.024238 -0.024881 -0.007789 -0.999660 0.629159 -0.777218 -0.009604
1.768040 3.679470 -1.497340 -0.890712 -0.453922 0.024232 -0.013341 -0.027180 -0.999542 0.454372 -0.890627 0.018154
1.768040 3.679470 -3.358380 -0.890964 -0.454075 0.000000 -0.364889 -0.681373 0.634498 0.685527 -0.657753 -0.312111
triangle
1.778220 3.663800 -1.497340 -0.776879 -0.629184 0.024238 -0.024881 -0.007789 -0.999660 0.629159 -0.777218 -0.009604
1.768040 3.679470 -3.358380 -0.890964 -0.454075 0.000000 -0.364889 -0.681373 0.634498 0.685527 -0.657753 -0.312111
1.778220 3.663800 -3.358380 -0.777094 -0.629385 0.000000 -0.682566 -0.248961 0.687111 0.481836 -0.860207 0.166969
triangle
1.824540 3.633720 -1.497340 -0.258785 -0.965631 0.024243 0.015546 0.020931 0.999660 -0.965810 0.259074 0.009595
1.807100 3.640420 -1.497340 -0.453862 -0.890742 0.024235 0.015150 0.019480 0.999695 -0.890943 0.454091 0.004654
1.807100 3.640420 -3.358380 -0.453987 -0.891008 0.000000 0.189778 -0.844958 0.500030 0.943285 0.015618 -0.331616
triangle
1.824540 3.633720 -1.497340 -0.258785 -0.965631 0.024243 0.015546 0.020931 0.999660 -0.965810 0.259074 0.009595
1.807100 3.640420 -3.358380 -0.453987 -0.891008 0.000000 0.189778 -0.844958 0.500030 0.943285 0.015618 -0.331616
1.824540 3.633720 -3.358380 -0.258893 -0.965906 0.000000 -0.069868 -0.308638 0.948610 -0.966848 0.255080 0.011781
triangle
1.935940 3.706060 -1.497340 0.987402 -0.156363 0.024240 -0.014766 0.061472 0.998000 -0.157540 -0.985785 0.058389
1.935940 3.706060 -3.358380 0.987697 -0.156382 0.000000 0.313203 -0.043950 0.948669 -0.154640 -0.987957 0.005284
1.936910 3.724720 -3.358380 0.998621 0.052492 0.000000 -0.593794 -0.103778 -0.797897 0.095774 -0.993713 0.057973
triangle
1.935940 3.706060 -1.497340 0.987402 -0.156363 0.024240 -0.014766 0.061472 0.998000 -0.157540 -0.985785 0.058389
1.936910 3.724720 -3.358380 0.998621 0.052492 0.000000 -0.593794 -0.103778 -0.797897 0.095774 -0.993713 0.057973
1.936910 3.724720 -1.497340 0.998330 0.052435 0.024228 -0.004472 -0.348025 0.937475 0.057588 -0.936018 -0.347209
triangle
1.927300 3.760620 -1.497340 0.890802 0.453744 0.024239 -0.013335 -0.027215 0.999541 0.454195 -0.890716 -0.018192
1.933990 3.743170 -1.497340 0.965695 0.258547 0.024229 -0.025153 0.000267 0.999684 0.258459 -0.965999 0.006761
1.933990 3.743170 -3.358380 0.965995 0.258561 0.000000 -0.679598 -0.195534 -0.707046 0.267533 -0.963504 0.009311
triangle
1.927300 3.760620 -1.497340 0.890802 0.453744 0.024239 -0.013335 -0.027215 0.999541 0.454195 -0.890716 -0.018192
1.933990 3.743170 -3.358380 0.965995 0.258561 0.000000 -0.679598 -0.195534 -0.707046 0.267533 -0.963504 0.009311
1.927300 3.760620 -3.358380 0.891063 0.453879 0.000000 0.279394 0.148202 0.948670 0.455351 -0.890298 0.004977
triangle
1.870800 3.806370 -1.497340 0.258797 0.965627 0.024247 0.015557 0.020932 -0.999660 -0.965806 0.259086 -0.009605
1.888240 3.799670 -1.497340 0.453884 0.890731 0.024250 0.015165 0.019489 -0.999695 -0.890932 0.454113 -0.004662
1.888240 3.799670 -3.358380 0.453987 0.891008 0.000000 0.378547 -0.823933 -0.421707 0.884593 0.187968 0.426806
triangle
1.870800 3.806370 -1.497340 0.258797 0.965627 0.024247 0.015557 0.020932 -0.999660 -0.965806 0.259086 -0.009605
1.888240 3.799670 -3.358380 0.453987 0.891008 0.000000 0.378547 -0.823933 -0.421707 0.884593 0.187968 0.426806
1.870800 3.806370 -3.358380 0.258893 0.965906 0.000000 -0.068357 -0.309036 -0.948591 -0.966956 0.254597 -0.013263
triangle
2.073280 3.480880 -3.104500 0.130483 -0.130478 -0.982827 -0.863440 0.216865 -0.455457 -0.499419 -0.494714 0.711223
1.898080 3.656090 -3.151020 0.130483 -0.130478 -0.982827 0.361872 -0.860563 -0.358441 -0.492606 -0.502953 0.710195
1.911620 3.669630 -3.151020 0.130483 -0.130478 -0.982827 0.860792 -0.361647 -0.358117 -0.502561 -0.492770 -0.710359
triangle
2.073280 3.480880 -3.104500 0.130483 -0.130478 -0.982827 -0.863440 0.216865 -0.455457 -0.499419 -0.494714 0.711223
1.911620 3.669630 -3.151020 0.130483 -0.130478 -0.982827 0.860792 -0.361647 -0.358117 -0.502561 -0.492770 -0.710359
2.086830 3.494430 -3.104500 0.130483 -0.130478 -0.982827 0.216537 -0.863776 0.454976 0.494853 0.498839 0.711534
triangle
1.898080 3.656090 -2.886510 0.130478 -0.130478 0.982828 -0.361551 0.860889 -0.357980 -0.492840 -0.502395 -0.710428
2.073280 3.480880 -2.933030 0.130478 -0.130478 0.982828 0.863466 -0.216841 -0.455419 -0.499374 -0.494725 -0.711248
2.086830 3.494430 -2.933030 0.130478 -0.130478 0.982828 0.217196 -0.863112 -0.455921 -0.494566 -0.499987 0.710927
triangle
1.898080 3.656090 -2.886510 0.130478 -0.130478 0.982828 -0.361551 0.860889 -0.357980 -0.492840 -0.502395 -0.710428
2.086830 3.494430 -2.933030 0.130478 -0.130478 0.982828 0.217196 -0.863112 -0.455921 -0.494566 -0.499987 0.710927
1.911620 3.669630 -2.886510 0.130478 -0.130478 0.982828 -0.861059 0.361384 -0.357741 -0.502104 -0.492963 0.710548
triangle
-5.555500 3.665860 -1.468420 -0.707109 0.707105 0.000000 -0.506787 -0.474042 -0.720036 -0.325283 0.878650 -0.349522
-5.543300 3.678060 -1.468420 -0.707109 0.707105 0.000000 0.504734 0.209862 -0.837378 0.795774 -0.489123 0.357074
-5.543300 3.678060 -1.623030 -0.707109 0.707105 0.000000 0.529474 -0.282786 -0.799806 -0.848326 -0.176520 -0.499182
triangle
-5.555500 3.665860 -1.468420 -0.707109 0.707105 0.000000 -0.506787 -0.474042 -0.720036 -0.325283 0.878650 -0.349522
-5.543300 3.678060 -1.623030 -0.707109 0.707105 0.000000 0.529474 -0.282786 -0.799806 -0.848326 -0.176520 -0.499182
-5.555500 3.665860 -1.623030 -0.707109 0.707105 0.000000 0.702533 -0.341230 -0.624508 -0.080268 -0.909942 0.406894
triangle
-5.555500 3.665860 -1.623030 0.000000 0.000000 -1.000000 0.702533 -0.341230 -0.624508 -0.080268 -0.909942 0.406894
-5.543300 3.678060 -1.623030 0.000000 0.000000 -1.000000 0.529474 -0.282786 -0.799806 -0.848326 -0.176520 -0.499182
-5.405080 3.539840 -1.623030 0.000000 0.000000 -1.000000 -0.203449 -0.835150 -0.511012 -0.677231 0.496967 -0.542570
triangle
-5.555500 3.665860 -1.623030 0.000000 0.000000 -1.000000 0.702533 -0.341230 -0.624508 -0.080268 -0.909942 0.406894
-5.405080 3.539840 -1.623030 0.000000 0.000000 -1.000000 -0.203449 -0.835150 -0.511012 -0.677231 0.496967 -0.542570
-5.417280 3.527640 -1.623030 0.000000 0.000000 -1.000000 -0.986322 -0.054926 0.155412 0.164832 -0.328729 0.929929
triangle
-5.417280 3.527640 -1.623030 0.707097 -0.707117 0.000000 -0.986322 -0.054926 0.155412 0.164832 -0.328729 0.929929
-5.405080 3.539840 -1.623030 0.707097 -0.707117 0.000000 -0.203449 -0.835150 -0.511012 -0.677231 0.496967 -0.542570
-5.405080 3.539840 -1.601850 0.707097 -0.707117 0.000000 0.255940 -0.155561 -0.954094 -0.408750 -0.911812 0.039018
triangle
-5.417280 3.527640 -1.623030 0.707097 -0.707117 0.000000 -0.986322 -0.054926 0.155412 0.164832 -0.328729 0.929929
-5.405080 3.539840 -1.601850 0.707097 -0.707117 0.000000 0.255940 -0.155561 -0.954094 -0.408750 -0.911812 0.039018
-5.417280 3.527640 -1.601850 0.707097 -0.707117 0.000000 0.483085 -0.428859 -0.763354 -0.834851 -0.488403 -0.253942
triangle
-5.651120 3.678440 -1.468420 0.707097 0.707116 0.000000 -0.473654 0.506920 -0.720197 0.878862 0.325016 -0.349236
-5.638920 3.666240 -1.468420 0.707097 0.707116 0.000000 0.210085 -0.504381 -0.837535 -0.489085 -0.795977 0.356673
-5.638920 3.666240 -1.623030 0.707097 0.707116 0.000000 0.282812 0.529371 0.799865 0.176463 -0.848390 0.499094
triangle
-5.651120 3.678440 -1.468420 0.707097 0.707116 0.000000 -0.473654 0.506920 -0.720197 0.878862 0.325016 -0.349236
-5.638920 3.666240 -1.623030 0.707097 0.707116 0.000000 0.282812 0.529371 0.799865 0.176463 -0.848390 0.499094
-5.651120 3.678440 -1.623030 0.707097 0.707116 0.000000 -0.340530 -0.702582 -0.624835 -0.910212 0.079744 0.406392
triangle
-5.638550 3.774060 -1.468420 0.707109 -0.707105 0.000000 -0.506992 -0.473443 0.720285 -0.324864 0.878977 0.349087
-5.650750 3.761860 -1.468420 0.707109 -0.707105 0.000000 -0.504495 -0.210012 -0.837484 -0.795878 0.489182 0.356762
-5.650750 3.761860 -1.623030 0.707109 -0.707105 0.000000 0.528837 -0.282916 0.800181 -0.848724 -0.176254 0.498601
triangle
-5.638550 3.774060 -1.468420 0.707109 -0.707105 0.000000 -0.506992 -0.473443 0.720285 -0.324864 0.878977 0.349087
-5.650750 3.761860 -1.623030 0.707109 -0.707105 0.000000 0.528837 -0.282916 0.800181 -0.848724 -0.176254 0.498601
-5.638550 3.774060 -1.623030 0.707109 -0.707105 0.000000 0.702533 -0.341126 0.624564 -0.080228 -0.909996 -0.406781
triangle
-5.776770 3.912290 -1.601850 -0.376220 0.376193 0.846721 -0.483859 0.428414 -0.763114 0.834401 0.488806 -0.254642
-5.788970 3.900090 -1.601850 -0.376220 0.376193 0.846721 -0.255852 0.155864 -0.954068 0.408810 0.911772 0.039324
-5.722240 3.833360 -1.542550 -0.471495 0.471472 0.745256 -0.528247 0.406053 -0.745706 -0.029284 0.869005 0.493936
triangle
-5.776770 3.912290 -1.601850 -0.376220 0.376193 0.846721 -0.483859 0.428414 -0.763114 0.834401 0.488806 -0.254642
-5.722240 3.833360 -1.542550 -0.471495 0.471472 0.745256 -0.528247 0.406053 -0.745706 -0.029284 0.869005 0.493936
-5.710040 3.845560 -1.542550 -0.471495 0.471472 0.745256 -0.405374 0.528249 -0.746073 0.869298 -0.029752 -0.493393
triangle
-5.510820 3.696910 -1.497340 0.965631 -0.258782 0.024245 -0.024034 0.003980 0.999703 -0.258802 -0.965928 -0.002377
-5.510820 3.696910 -3.358380 0.965912 -0.258869 0.000000 -0.743868 0.300118 -0.597152 -0.332845 -0.941172 -0.058394
-5.507890 3.715370 -3.358380 0.998626 -0.052413 0.000000 0.242203 -0.012695 0.970143 -0.052409 -0.998626 0.000016
triangle
-5.510820 3.696910 -1.497340 0.965631 -0.258782 0.024245 -0.024034 0.003980 0.999703 -0.258802 -0.965928 -0.002377
-5.507890 3.715370 -3.358380 0.998626 -0.052413 0.000000 0.242203 -0.012695 0.970143 -0.052409 -0.998626 0.000016
-5.507890 3.715370 -1.497340 0.998333 -0.052376 0.024250 0.024217 -0.001266 -0.999706 -0.052391 -0.998627 -0.000004
triangle
-5.517510 3.679470 -1.497340 0.890769 -0.453810 0.024242 0.039620 0.130686 0.990632 -0.452727 -0.881463 0.134391
-5.517510 3.679470 -3.358380 0.891018 -0.453967 0.000000 0.276108 -0.154606 0.948610 -0.457430 -0.889168 -0.011776
-5.510820 3.696910 -3.358380 0.965912 -0.258869 0.000000 -0.743868 0.300118 -0.597152 -0.332845 -0.941172 -0.058394
triangle
-5.517510 3.679470 -1.497340 0.890769 -0.453810 0.024242 0.039620 0.130686 0.990632 -0.452727 -0.881463 0.134391
-5.510820 3.696910 -3.358380 0.965912 -0.258869 0.000000 -0.743868 0.300118 -0.597152 -0.332845 -0.941172 -0.058394
-5.510820 3.696910 -1.497340 0.965631 -0.258782 0.024245 -0.024034 0.003980 0.999703 -0.258802 -0.965928 -0.002377
triangle
-5.540900 3.650590 -1.497340 0.629021 -0.777010 0.024242 0.091614 0.105060 0.990237 -0.771971 -0.620659 0.137270
-5.540900 3.650590 -3.358380 0.629210 -0.777236 0.000000 0.189306 -0.253578 0.948610 -0.779647 -0.626109 -0.011782
-5.527690 3.663800 -3.358380 0.777096 -0.629382 0.000000 -0.625371 0.498922 -0.599990 -0.625712 -0.780047 0.003532
triangle
-5.540900 3.650590 -1.497340 0.629021 -0.777010 0.024242 0.091614 0.105060 0.990237 -0.771971 -0.620659 0.137270
-5.527690 3.663800 -3.358380 0.777096 -0.629382 0.000000 -0.625371 0.498922 -0.599990 -0.625712 -0.780047 0.003532
-5.527690 3.663800 -1.497340 0.776882 -0.629179 0.024238 -0.021769 0.011632 0.999695 -0.629269 -0.777173 -0.004660
triangle
-5.574010 3.633720 -1.497340 0.258805 -0.965625 0.024246 -0.015543 0.020935 0.999660 -0.965805 -0.259094 -0.009591
-5.574010 3.633720 -3.358380 0.258891 -0.965907 0.000000 0.068388 -0.309028 0.948591 -0.966955 -0.254605 -0.013232
-5.556570 3.640420 -3.358380 0.453988 -0.891008 0.000000 -0.320560 -0.834363 0.448420 0.907217 -0.134302 0.398647
triangle
-5.574010 3.633720 -1.497340 0.258805 -0.965625 0.024246 -0.015543 0.020935 0.999660 -0.965805 -0.259094 -0.009591
-5.556570 3.640420 -3.358380 0.453988 -0.891008 0.000000 -0.320560 -0.834363 0.448420 0.907217 -0.134302 0.398647
-5.556570 3.640420 -1.497340 0.453852 -0.890747 0.024244 -0.015166 0.019482 0.999695 -0.890948 -0.454081 -0.004667
triangle
-5.645810 3.645090 -1.497340 -0.544494 -0.838414 0.024245 -0.013784 -0.019957 -0.999706 0.838651 -0.544668 -0.000690
-5.660330 3.656850 -1.497340 -0.706897 -0.706902 0.024234 -0.001988 -0.032276 -0.999477 0.707314 -0.706575 0.021411
-5.660330 3.656850 -3.358380 -0.707104 -0.707110 0.000000 -0.428878 -0.419632 0.799983 0.704320 -0.709864 0.005232
triangle
-5.645810 3.645090 -1.497340 -0.544494 -0.838414 0.024245 -0.013784 -0.019957 -0.999706 0.838651 -0.544668 -0.000690
-5.660330 3.656850 -3.358380 -0.707104 -0.707110 0.000000 -0.428878 -0.419632 0.799983 0.704320 -0.709864 0.005232
-5.645810 3.645090 -3.358380 -0.544711 -0.838624 0.000000 -0.494552 -0.514275 0.700671 0.779143 -0.619578 0.095185
triangle
0.299451 3.336080 -0.727956 -0.860145 -0.506854 0.057007 -0.042955 -0.039385 -0.998300 -0.508238 0.861132 -0.012105
0.291414 3.362650 -0.727956 -0.955664 -0.289224 0.055287 -0.058122 -0.014649 -0.998202 -0.045452 0.998894 -0.012013
0.291419 3.362640 -1.097780 -0.957094 -0.289712 -0.006209 0.004482 0.044461 -0.999001 0.044884 -0.998013 -0.044216
triangle
0.299451 3.336080 -0.727956 -0.860145 -0.506854 0.057007 -0.042955 -0.039385 -0.998300 -0.508238 0.861132 -0.012105
0.291419 3.362640 -1.097780 -0.957094 -0.289712 -0.006209 0.004482 0.044461 -0.999001 0.044884 -0.998013 -0.044216
0.299456 3.336070 -1.097780 -0.861467 -0.507773 -0.006472 -0.038328 0.077723 -0.996238 0.506366 -0.857978 -0.086417
triangle
-5.680570 3.688020 -1.497340 -0.933290 -0.358305 0.024240 -0.026076 0.000293 -0.999660 0.358176 -0.933605 -0.009617
-5.685410 3.706060 -1.497340 -0.987369 -0.156572 0.024250 -0.015159 -0.059000 -0.998143 0.157712 -0.985903 0.055882
-5.685410 3.706060 -3.358380 -0.987655 -0.156642 0.000000 -0.591658 -0.466594 0.657442 0.402752 -0.877509 -0.260325
triangle
-5.680570 3.688020 -1.497340 -0.933290 -0.358305 0.024240 -0.026076 0.000293 -0.999660 0.358176 -0.933605 -0.009617
-5.685410 3.706060 -3.358380 -0.987655 -0.156642 0.000000 -0.591658 -0.466594 0.657442 0.402752 -0.877509 -0.260325
-5.680570 3.688020 -3.358380 -0.933554 -0.358436 0.000000 0.749730 -0.164302 -0.641022 -0.046290 0.953293 -0.298480
triangle
-5.676770 3.760620 -1.497340 -0.890802 0.453745 0.024241 0.036892 0.125393 -0.991421 -0.452892 -0.882265 -0.128440
-5.676770 3.760620 -3.358380 -0.891062 0.453882 0.000000 0.276120 -0.154585 -0.948610 -0.457346 -0.889211 0.011782
-5.683460 3.743170 -3.358380 -0.965930 0.258803 0.000000 0.744732 -0.297672 -0.597298 0.330888 0.941955 -0.056875
triangle
-5.676770 3.760620 -1.497340 -0.890802 0.453745 0.024241 0.036892 0.125393 -0.991421 -0.452892 -0.882265 -0.128440
-5.683460 3.743170 -3.358380 -0.965930 0.258803 0.000000 0.744732 -0.297672 -0.597298 0.330888 0.941955 -0.056875
-5.683460 3.743170 -1.497340 -0.965643 0.258741 0.024240 -0.024026 0.003988 -0.999703 -0.258761 -0.965939 0.002365
triangle
-3.948120 3.358930 -2.795570 0.999183 0.040409 0.000000 0.588659 0.157223 0.792945 0.119937 -0.987034 0.106669
-3.948120 3.358950 -2.505290 0.999157 0.040563 -0.006391 0.002206 0.102397 0.994741 0.041004 -0.993916 0.102221
-3.953270 3.335650 -2.505290 0.976475 -0.215535 -0.006480 -0.103208 0.027353 0.994284 -0.104018 -0.994438 0.016560
triangle
-3.948120 3.358930 -2.795570 0.999183 0.040409 0.000000 0.588659 0.157223 0.792945 0.119937 -0.987034 0.106669
-3.953270 3.335650 -2.505290 0.976475 -0.215535 -0.006480 -0.103208 0.027353 0.994284 -0.104018 -0.994438 0.016560
-3.953270 3.335630 -2.795570 0.976435 -0.215813 0.000015 0.681031 0.331668 0.652834 0.364374 -0.926820 0.090753
triangle
-5.666590 3.776290 -1.497340 -0.776876 0.629187 0.024240 -0.021758 0.011649 -0.999695 -0.629278 -0.777167 0.004640
-5.666590 3.776290 -3.358380 -0.777087 0.629394 0.000000 0.626117 -0.497992 -0.599985 0.624970 0.780637 0.004254
-5.676770 3.760620 -3.358380 -0.891062 0.453882 0.000000 0.276120 -0.154585 -0.948610 -0.457346 -0.889211 0.011782
triangle
-5.666590 3.776290 -1.497340 -0.776876 0.629187 0.024240 -0.021758 0.011649 -0.999695 -0.629278 -0.777167 0.004640
-5.676770 3.760620 -3.358380 -0.891062 0.453882 0.000000 0.276120 -0.154585 -0.948610 -0.457346 -0.889211 0.011782
-5.676770 3.760620 -1.497340 -0.890802 0.453745 0.024241 0.036892 0.125393 -0.991421 -0.452892 -0.882265 -0.128440
triangle
-5.653380 3.789500 -1.497340 -0.629022 0.777009 0.024243 0.094662 0.107512 -0.989687 -0.771602 -0.620240 -0.141180
-5.653380 3.789500 -3.358380 -0.629210 0.777236 0.000000 0.189313 -0.253572 -0.948610 -0.779645 -0.626111 0.011772
-5.666590 3.776290 -3.358380 -0.777087 0.629394 0.000000 0.626117 -0.497992 -0.599985 0.624970 0.780637 0.004254
triangle
-5.653380 3.789500 -1.497340 -0.629022 0.777009 0.024243 0.094662 0.107512 -0.989687 -0.771602 -0.620240 -0.141180
-5.666590 3.776290 -3.358380 -0.777087 0.629394 0.000000 0.626117 -0.497992 -0.599985 0.624970 0.780637 0.004254
-5.666590 3.776290 -1.497340 -0.776876 0.629187 0.024240 -0.021758 0.011649 -0.999695 -0.629278 -0.777167 0.004640
triangle
-5.637710 3.799670 -1.497340 -0.453848 0.890749 0.024244 -0.015156 0.019487 -0.999695 -0.890950 -0.454077 0.004656
-5.637710 3.799670 -3.358380 -0.453984 0.891010 0.000000 -0.286272 -0.838816 -0.463073 0.918614 -0.102881 -0.381528
-5.653380 3.789500 -3.358380 -0.629210 0.777236 0.000000 0.189313 -0.253572 -0.948610 -0.779645 -0.626111 0.011772
triangle
-5.637710 3.799670 -1.497340 -0.453848 0.890749 0.024244 -0.015156 0.019487 -0.999695 -0.890950 -0.454077 0.004656
-5.653380 3.789500 -3.358380 -0.629210 0.777236 0.000000 0.189313 -0.253572 -0.948610 -0.779645 -0.626111 0.011772
-5.653380 3.789500 -1.497340 -0.629022 0.777009 0.024243 0.094662 0.107512 -0.989687 -0.771602 -0.620240 -0.141180
triangle
-5.836300 3.494430 -2.933030 -0.707385 -0.706829 0.000000 -0.217119 -0.863285 -0.455630 -0.494500 0.499712 -0.711166
-5.836300 3.494430 -3.104500 -0.707385 -0.706829 0.000000 -0.217228 -0.863174 0.455787 0.494452 -0.499903 -0.711065
-5.822760 3.480880 -3.104500 -0.707385 -0.706829 0.000000 -0.866663 -0.213541 0.450883 0.493778 -0.496250 0.714086
triangle
-5.836300 3.494430 -2.933030 -0.707385 -0.706829 0.000000 -0.217119 -0.863285 -0.455630 -0.494500 0.499712 -0.711166
-5.822760 3.480880 -3.104500 -0.707385 -0.706829 0.000000 -0.866663 -0.213541 0.450883 0.493778 -0.496250 0.714086
-5.822760 3.480880 -2.933030 -0.707385 -0.706829 0.000000 -0.863254 -0.216942 -0.455773 -0.499714 0.494773 0.710975
triangle
-5.836300 3.945620 -3.104500 -0.130467 0.130473 -0.982830 0.216258 -0.864055 -0.454580 0.494972 0.498356 -0.711789
-5.822760 3.959160 -3.104500 -0.130467 0.130473 -0.982830 0.864317 -0.215988 -0.454209 0.497899 0.495099 0.712021
-5.647550 3.783950 -3.151020 -0.130467 0.130473 -0.982830 0.360424 -0.862044 0.356334 -0.493669 -0.500409 -0.711254
triangle
-5.836300 3.945620 -3.104500 -0.130467 0.130473 -0.982830 0.216258 -0.864055 -0.454580 0.494972 0.498356 -0.711789
-5.647550 3.783950 -3.151020 -0.130467 0.130473 -0.982830 0.360424 -0.862044 0.356334 -0.493669 -0.500409 -0.711254
-5.661090 3.770410 -3.151020 -0.130467 0.130473 -0.982830 0.859683 -0.362736 0.359678 -0.504457 -0.491978 0.709564
triangle
-5.661090 3.770410 -2.886510 -0.130479 0.130473 0.982829 -0.859021 0.363384 0.360602 -0.505581 -0.491500 -0.709095
-5.647550 3.783950 -2.886510 -0.130479 0.130473 0.982829 -0.360311 0.862161 0.356167 -0.493755 -0.500208 0.711335
-5.822760 3.959160 -2.933030 -0.130479 0.130473 0.982829 -0.865174 0.215129 -0.452983 0.496406 0.495473 -0.712803
triangle
-5.661090 3.770410 -2.886510 -0.130479 0.130473 0.982829 -0.859021 0.363384 0.360602 -0.505581 -0.491500 -0.709095
-5.822760 3.959160 -2.933030 -0.130479 0.130473 0.982829 -0.865174 0.215129 -0.452983 0.496406 0.495473 -0.712803
-5.836300 3.945620 -2.933030 -0.130479 0.130473 0.982829 0.215491 -0.864823 0.453480 -0.495303 -0.497020 -0.712493
triangle
-3.977430 3.712990 -1.703780 0.000000 0.986485 0.163853 -0.067805 0.185730 -0.980259 0.946257 -0.299445 -0.122189
-4.011760 3.712990 -1.703780 0.000000 0.986485 0.163853 0.040289 0.176953 -0.983394 0.947827 0.304714 0.093663
-4.011760 3.597000 -1.364250 0.000000 0.852265 0.523111 -0.174765 0.357935 -0.917246 0.685170 0.713235 0.147778
triangle
-3.977430 3.712990 -1.703780 0.000000 0.986485 0.163853 -0.067805 0.185730 -0.980259 0.946257 -0.299445 -0.122189
-4.011760 3.597000 -1.364250 0.000000 0.852265 0.523111 -0.174765 0.357935 -0.917246 0.685170 0.713235 0.147778
