triangle
1.200920 0.263778 -6.853460 0.999516 0.000000 -0.031103 0.030299 -0.225803 0.973702 -0.007023 -0.974173 -0.225694
1.058940 1.928470 -6.853460 0.984978 0.000000 0.172677 -0.168172 -0.226937 0.959280 0.039187 -0.973909 -0.223528
1.058940 1.928470 -6.420040 0.984978 0.000000 0.172677 -0.168172 -0.226937 0.959280 0.039187 -0.973909 -0.223528
triangle
1.058940 1.928470 -6.420040 0.984978 0.000000 0.172677 0.062064 -0.933175 -0.354024 -0.161138 -0.359424 0.919157
1.200920 0.263778 -6.420040 0.988693 0.000000 -0.149957 -0.146913 -0.200471 -0.968622 0.030062 -0.979700 0.198204
1.200920 0.263778 -6.853460 0.999516 0.000000 -0.031103 -0.026005 -0.548582 -0.835692 0.017062 -0.836097 0.548317
triangle
0.679283 3.239280 -6.853460 0.960524 0.000000 0.278198 0.170568 -0.789992 -0.588913 -0.219774 -0.613117 0.758806
0.679283 3.239280 -6.420040 0.960524 0.000000 0.278198 0.170568 -0.789992 -0.588913 -0.219774 -0.613117 0.758806
1.058940 1.928470 -6.420040 0.984978 0.000000 0.172677 -0.141317 -0.574663 0.806096 0.099231 -0.818390 -0.566031
triangle
1.058940 1.928470 -6.420040 0.984978 0.000000 0.172677 0.172088 -0.082531 -0.981618 -0.014251 -0.996589 0.081291
1.058940 1.928470 -6.853460 0.984978 0.000000 0.172677 0.172088 -0.082531 -0.981618 -0.014251 -0.996589 0.081291
0.679283 3.239280 -6.853460 0.960524 0.000000 0.278198 0.258256 -0.371788 -0.891671 -0.103431 -0.928318 0.357112
triangle
-1.058940 1.928470 -6.853460 -0.984979 0.000000 0.172676 -0.172639 0.020653 -0.984769 0.003566 0.999787 0.020342
-1.058940 1.928470 -6.420040 -0.984978 0.000000 0.172677 -0.172640 0.020654 -0.984768 0.003566 0.999787 0.020344
-0.679283 3.239280 -6.420040 -0.960524 0.000000 0.278199 -0.269787 -0.244044 -0.931481 -0.067893 0.969764 -0.234410
triangle
-0.679283 3.239280 -6.420040 -0.960524 0.000000 0.278199 -0.162825 -0.810829 -0.562178 -0.225572 0.585283 -0.778821
-0.679283 3.239280 -6.853460 -0.960524 0.000000 0.278199 -0.162825 -0.810829 -0.562178 -0.225572 0.585283 -0.778821
-1.058940 1.928470 -6.853460 -0.984979 0.000000 0.172676 -0.145381 0.539590 -0.829281 -0.093174 -0.841928 -0.531484
triangle
-1.058940 1.928470 -6.853460 -0.984979 0.000000 0.172676 -0.057179 -0.943582 -0.326163 -0.162934 0.331138 -0.929409
-1.200920 0.263778 -6.853510 -0.988693 0.000000 -0.149956 0.143453 -0.291295 -0.945816 0.043681 0.956633 -0.288001
-1.200920 0.263778 -6.420080 -0.999516 0.000000 -0.031103 0.023084 -0.670205 -0.741817 0.020845 0.742176 -0.669881
triangle
-1.200920 0.263778 -6.420080 -0.999516 0.000000 -0.031103 0.030188 0.240743 -0.970119 0.007488 -0.970589 -0.240626
-1.058940 1.928470 -6.420040 -0.984978 0.000000 0.172677 -0.167602 0.240657 -0.956030 -0.041556 -0.970610 -0.237042
-1.058940 1.928470 -6.853460 -0.984979 0.000000 0.172676 -0.167601 0.240657 -0.956030 -0.041556 -0.970610 -0.237042
triangle
-1.200920 0.263778 -6.853510 -0.988693 0.000000 -0.149956 -0.144883 0.257903 0.955246 0.038674 0.966171 -0.254987
-0.764220 -1.315040 -6.853500 -0.967479 0.000000 -0.252952 -0.245296 0.244161 0.938198 0.061761 0.969735 -0.236221
-0.764220 -1.315040 -6.420080 -0.965550 0.000000 -0.260218 -0.252386 0.243501 0.936487 0.063363 0.969901 -0.235113
triangle
-0.764220 -1.315040 -6.420080 -0.965550 0.000000 -0.260218 -0.246962 0.315104 0.916362 0.081996 0.949057 -0.304249
-1.200920 0.263778 -6.420080 -0.999516 0.000000 -0.031103 0.011688 0.926713 -0.375587 -0.028824 0.375769 0.926265
-1.200920 0.263778 -6.853510 -0.988693 0.000000 -0.149956 -0.140880 0.342610 0.928855 0.051376 0.939478 -0.338736
triangle
-0.436697 -2.613460 -6.420040 -0.935091 0.000000 -0.354409 0.351265 -0.132895 -0.926796 0.047099 0.991130 -0.124269
-0.764220 -1.315040 -6.420080 -0.965550 0.000000 -0.260218 0.258735 -0.106597 -0.960048 0.027739 0.994302 -0.102925
-0.764220 -1.315040 -6.853500 -0.967479 0.000000 -0.252952 0.251571 -0.104332 -0.962199 0.026391 0.994542 -0.100939
triangle
-0.764220 -1.315040 -6.853500 -0.967479 0.000000 -0.252952 -0.227086 0.440514 0.868550 0.111429 0.897746 -0.426188
-0.436697 -2.613460 -6.853460 -0.840873 0.000000 -0.541232 -0.470325 0.494830 0.730710 0.267818 0.868990 -0.416089
-0.436697 -2.613460 -6.420040 -0.935091 0.000000 -0.354409 -0.316600 0.449422 0.835335 0.159279 0.893320 -0.420250
triangle
0.000000 -2.897140 -6.420040 -0.211633 0.000000 -0.977349 0.950631 -0.232223 -0.205848 0.226963 0.972663 -0.049146
-0.436697 -2.613460 -6.420040 -0.935091 0.000000 -0.354409 0.342169 0.260540 -0.902795 -0.092338 0.965463 0.243629
-0.436697 -2.613460 -6.853460 -0.840873 0.000000 -0.541232 0.521715 0.266122 -0.810551 -0.144034 0.963939 0.223775
triangle
-0.436697 -2.613460 -6.853460 -0.840873 0.000000 -0.541232 0.470383 0.494641 -0.730801 -0.267716 0.869097 0.415931
0.000000 -2.897140 -6.853460 0.211633 0.000000 -0.977349 0.840574 -0.510202 0.182016 -0.498646 -0.860054 -0.107976
0.000000 -2.897140 -6.420040 -0.211633 0.000000 -0.977349 -0.976525 -0.041066 0.211455 0.040136 -0.999156 -0.008691
triangle
0.000000 -2.897140 -6.853460 0.211633 0.000000 -0.977349 -0.885229 -0.423824 -0.191685 0.414224 -0.905744 0.089695
0.436698 -2.613460 -6.853500 0.935091 0.000000 -0.354409 -0.321296 0.422058 -0.847724 -0.149581 -0.906569 -0.394663
0.436698 -2.613460 -6.420080 0.840874 0.000000 -0.541231 -0.496010 0.400153 -0.770618 -0.216575 -0.916448 -0.336478
triangle
0.436698 -2.613460 -6.420080 0.840874 0.000000 -0.541231 -0.504900 0.360204 -0.784429 -0.194953 -0.932874 -0.302886
0.000000 -2.897140 -6.420040 -0.211633 0.000000 -0.977349 0.846072 0.500597 -0.183207 0.489258 -0.865681 -0.105943
0.000000 -2.897140 -6.853460 0.211633 0.000000 -0.977349 -0.974318 0.078696 -0.210977 -0.076913 -0.996899 -0.016655
triangle
0.764221 -1.315040 -6.420080 0.967479 0.000000 -0.252952 -0.222226 -0.477683 -0.849961 -0.120831 0.878532 -0.462148
0.436698 -2.613460 -6.420080 0.840874 0.000000 -0.541231 -0.456964 -0.535864 -0.709954 -0.290026 0.844304 -0.450594
0.436698 -2.613460 -6.853500 0.935091 0.000000 -0.354409 -0.309461 -0.487405 -0.816499 -0.172741 0.873176 -0.455768
triangle
0.436698 -2.613460 -6.853500 0.935091 0.000000 -0.354409 -0.353145 -0.084364 -0.931757 0.029899 -0.996435 0.078888
0.764221 -1.315040 -6.853500 0.965550 0.000000 -0.260218 -0.259807 -0.056160 -0.964026 0.014614 -0.998422 0.054225
0.764221 -1.315040 -6.420080 0.967479 0.000000 -0.252952 -0.252587 -0.053668 -0.966085 0.013575 -0.998559 0.051922
triangle
1.200920 0.263778 -6.420040 0.988693 0.000000 -0.149957 -0.144195 -0.274535 -0.950704 -0.041168 0.961577 -0.271431
0.764221 -1.315040 -6.420080 0.967479 0.000000 -0.252952 -0.244229 -0.260342 -0.934117 -0.065854 0.965516 -0.251876
0.764221 -1.315040 -6.853500 0.965550 0.000000 -0.260218 -0.251293 -0.259654 -0.932433 -0.067567 0.965702 -0.250709
triangle
0.764221 -1.315040 -6.853500 0.965550 0.000000 -0.260218 -0.248092 -0.301705 -0.920557 -0.078509 0.953401 -0.291311
1.200920 0.263778 -6.853460 0.999516 0.000000 -0.031103 -0.011262 0.932145 -0.361909 -0.028992 -0.362084 -0.931694
1.200920 0.263778 -6.420040 0.988693 0.000000 -0.149957 -0.141597 -0.329228 -0.933573 -0.049370 0.944250 -0.325505
triangle
0.448055 2.673340 -6.853460 0.000000 1.000000 0.000000 0.095996 0.000000 -0.995382 0.995382 -0.000000 0.095996
0.679283 3.239280 -6.853460 0.000000 1.000000 0.000000 0.095996 0.000000 -0.995382 0.995382 -0.000000 0.095996
1.058940 1.928470 -6.853460 0.000000 1.000000 0.000000 0.095996 0.000000 -0.995382 0.995382 -0.000000 0.095996
triangle
0.000000 2.460370 -6.853460 0.000000 1.000000 0.000000 0.049557 0.000000 -0.998771 0.998771 -0.000000 0.049557
0.448055 2.673340 -6.853460 0.000000 1.000000 0.000000 0.049557 0.000000 -0.998771 0.998771 -0.000000 0.049557
1.058940 1.928470 -6.853460 0.000000 1.000000 0.000000 0.049557 0.000000 -0.998771 0.998771 -0.000000 0.049557
triangle
0.000000 2.460370 -6.853460 0.000000 1.000000 0.000000 0.069183 0.000000 -0.997604 0.997604 -0.000000 0.069183
1.058940 1.928470 -6.853460 0.000000 1.000000 0.000000 0.069183 0.000000 -0.997604 0.997604 -0.000000 0.069183
1.200920 0.263778 -6.853460 0.000016 1.000000 0.000011 0.069177 0.000010 -0.997604 0.997604 -0.000017 0.069177
triangle
-0.448054 2.673340 -6.853460 0.000026 1.000000 0.000016 -0.070828 0.000018 -0.997489 0.997489 -0.000025 -0.070828
0.000000 2.460370 -6.853460 0.000000 1.000000 0.000000 -0.070820 0.000000 -0.997489 0.997489 -0.000000 -0.070820
1.200920 0.263778 -6.853460 0.000016 1.000000 0.000011 -0.070825 0.000012 -0.997489 0.997489 -0.000015 -0.070825
triangle
-0.448054 2.673340 -6.853460 0.000026 1.000000 0.000016 0.076246 0.000014 -0.997089 -0.997089 0.000027 -0.076246
1.200920 0.263778 -6.853460 0.000016 1.000000 0.000011 0.076249 0.000010 -0.997089 -0.997089 0.000017 -0.076249
0.764221 -1.315040 -6.853500 -0.000014 1.000000 0.000005 0.076255 0.000006 -0.997088 -0.997088 -0.000013 -0.076255
triangle
-0.448054 2.673340 -6.853460 0.000026 1.000000 0.000016 -0.309777 0.000024 -0.950809 0.950809 -0.000020 -0.309777
0.764221 -1.315040 -6.853500 -0.000014 1.000000 0.000005 -0.309733 0.000000 -0.950824 0.950824 0.000014 -0.309733
-0.679283 3.239280 -6.853460 -0.000008 1.000000 0.000006 -0.309739 0.000004 -0.950822 0.950822 0.000009 -0.309739
triangle
0.764221 -1.315040 -6.853500 -0.000014 1.000000 0.000005 0.018221 0.000005 -0.999834 -0.999834 -0.000013 -0.018221
0.436698 -2.613460 -6.853500 -0.000111 1.000000 0.000028 0.018177 0.000030 -0.999835 -0.999835 -0.000110 -0.018177
0.000000 -2.897140 -6.853460 -0.000008 1.000000 -0.000001 0.018224 -0.000000 -0.999834 -0.999834 -0.000008 -0.018224
triangle
0.764221 -1.315040 -6.853500 -0.000014 1.000000 0.000005 0.011672 0.000005 -0.999932 -0.999932 -0.000013 -0.011672
0.000000 -2.897140 -6.853460 -0.000008 1.000000 -0.000001 0.011672 -0.000000 -0.999932 -0.999932 -0.000008 -0.011672
-1.058940 1.928470 -6.853460 0.000002 1.000000 0.000003 0.011672 0.000003 -0.999932 -0.999932 0.000002 -0.011672
triangle
0.764221 -1.315040 -6.853500 -0.000014 1.000000 0.000005 -0.057154 0.000004 -0.998365 0.998365 0.000014 -0.057154
-1.058940 1.928470 -6.853460 0.000002 1.000000 0.000003 -0.057155 0.000003 -0.998365 0.998365 -0.000002 -0.057155
-0.679283 3.239280 -6.853460 -0.000008 1.000000 0.000006 -0.057154 0.000006 -0.998365 0.998365 0.000008 -0.057154
triangle
0.000000 -2.897140 -6.853460 -0.000008 1.000000 -0.000001 -0.022344 -0.000001 -0.999750 -0.999750 -0.000008 0.022344
-0.436697 -2.613460 -6.853460 -0.000024 1.000000 -0.000037 -0.022352 -0.000038 -0.999750 -0.999750 -0.000023 0.022352
-0.764220 -1.315040 -6.853500 0.000077 1.000000 0.000013 -0.022306 0.000015 -0.999751 -0.999751 0.000076 0.022306
triangle
0.000000 -2.897140 -6.853460 -0.000008 1.000000 -0.000001 -0.038919 -0.000001 -0.999242 -0.999242 -0.000008 0.038919
-0.764220 -1.315040 -6.853500 0.000077 1.000000 0.000013 -0.038871 0.000016 -0.999244 -0.999244 0.000076 0.038871
-1.058940 1.928470 -6.853460 0.000002 1.000000 0.000003 -0.038913 0.000003 -0.999243 -0.999243 0.000002 0.038913
triangle
-0.764220 -1.315040 -6.853500 0.000077 1.000000 0.000013 -0.146030 0.000024 -0.989280 0.989280 -0.000074 -0.146030
-1.200920 0.263778 -6.853510 0.000084 1.000000 0.000020 -0.146025 0.000032 -0.989281 0.989281 -0.000080 -0.146025
-1.058940 1.928470 -6.853460 0.000002 1.000000 0.000003 -0.146042 0.000003 -0.989278 0.989278 -0.000002 -0.146042
triangle
-0.448054 2.673340 -6.420040 -0.000008 -1.000000 -0.000011 0.106228 -0.000012 0.994342 -0.994342 0.000007 0.106228
-0.679283 3.239280 -6.420040 0.000000 -1.000000 0.000000 0.106227 -0.000000 0.994342 -0.994342 0.000000 0.106227
-1.058940 1.928470 -6.420040 -0.000003 -1.000000 -0.000011 0.106227 -0.000011 0.994342 -0.994342 0.000002 0.106227
triangle
-0.448054 2.673340 -6.420040 -0.000008 -1.000000 -0.000011 0.077554 -0.000012 0.996988 -0.996988 0.000007 0.077554
-1.058940 1.928470 -6.420040 -0.000003 -1.000000 -0.000011 0.077553 -0.000011 0.996988 -0.996988 0.000003 0.077553
0.764221 -1.315040 -6.420080 -0.000001 -1.000000 -0.000007 0.077553 -0.000007 0.996988 -0.996988 0.000000 0.077553
triangle
-0.448054 2.673340 -6.420040 -0.000008 -1.000000 -0.000011 0.080968 0.000010 -0.996717 -0.996717 0.000009 -0.080968
0.764221 -1.315040 -6.420080 -0.000001 -1.000000 -0.000007 0.080970 0.000007 -0.996717 -0.996717 0.000002 -0.080970
1.200920 0.263778 -6.420040 -0.000016 -1.000000 -0.000011 0.080966 0.000010 -0.996717 -0.996717 0.000017 -0.080966
triangle
-0.448054 2.673340 -6.420040 -0.000008 -1.000000 -0.000011 0.074914 -0.000012 0.997190 -0.997190 0.000007 0.074914
1.200920 0.263778 -6.420040 -0.000016 -1.000000 -0.000011 0.074918 -0.000012 0.997190 -0.997190 0.000015 0.074918
0.000000 2.460370 -6.420040 0.000000 -1.000000 0.000000 0.074912 -0.000000 0.997190 -0.997190 0.000000 0.074912
triangle
-1.058940 1.928470 -6.420040 -0.000003 -1.000000 -0.000011 0.155380 -0.000011 0.987855 -0.987855 0.000002 0.155380
-1.200920 0.263778 -6.420080 -0.000067 -1.000000 -0.000019 0.155369 -0.000029 0.987857 -0.987857 0.000064 0.155369
-0.764220 -1.315040 -6.420080 -0.000006 -1.000000 0.000000 0.155386 -0.000001 0.987854 -0.987854 0.000006 0.155386
triangle
-1.058940 1.928470 -6.420040 -0.000003 -1.000000 -0.000011 -0.002344 0.000011 -0.999997 -0.999997 0.000003 0.002344
-0.764220 -1.315040 -6.420080 -0.000006 -1.000000 0.000000 -0.002345 0.000000 -0.999997 -0.999997 0.000006 0.002345
0.764221 -1.315040 -6.420080 -0.000001 -1.000000 -0.000007 -0.002345 0.000007 -0.999997 -0.999997 0.000001 0.002345
triangle
0.000000 -2.897140 -6.420040 0.000019 -1.000000 0.000020 0.019215 -0.000019 -0.999815 -0.999815 -0.000019 -0.019215
0.436698 -2.613460 -6.420080 0.000111 -1.000000 -0.000028 0.019171 0.000030 -0.999816 -0.999816 -0.000110 -0.019171
0.764221 -1.315040 -6.420080 -0.000001 -1.000000 -0.000007 0.019224 0.000007 -0.999815 -0.999815 0.000001 -0.019224
triangle
-0.764220 -1.315040 -6.420080 -0.000006 -1.000000 0.000000 -0.002344 0.000000 -0.999997 -0.999997 0.000006 0.002344
0.000000 -2.897140 -6.420040 0.000019 -1.000000 0.000020 -0.002348 -0.000020 -0.999997 -0.999997 -0.000019 0.002348
0.764221 -1.315040 -6.420080 -0.000001 -1.000000 -0.000007 -0.002345 0.000007 -0.999997 -0.999997 0.000001 0.002345
triangle
-0.764220 -1.315040 -6.420080 -0.000006 -1.000000 0.000000 -0.023894 0.000000 -0.999715 -0.999715 0.000006 0.023894
-0.436697 -2.613460 -6.420040 0.000024 -1.000000 0.000037 -0.023909 -0.000038 -0.999714 -0.999714 -0.000023 0.023909
0.000000 -2.897140 -6.420040 0.000019 -1.000000 0.000020 -0.023906 -0.000020 -0.999714 -0.999714 -0.000019 0.023906
triangle
1.200920 0.263778 -6.420040 -0.000016 -1.000000 -0.000011 -0.073414 -0.000010 0.997302 -0.997302 0.000017 -0.073414
1.058940 1.928470 -6.420040 0.000000 -1.000000 0.000000 -0.073420 -0.000000 0.997301 -0.997301 0.000000 -0.073420
0.000000 2.460370 -6.420040 0.000000 -1.000000 0.000000 -0.073420 -0.000000 0.997301 -0.997301 0.000000 -0.073420
triangle
1.058940 1.928470 -6.420040 0.000000 -1.000000 0.000000 -0.052383 -0.000000 0.998627 -0.998627 0.000000 -0.052383
0.448055 2.673340 -6.420040 0.000000 -1.000000 0.000000 -0.052383 -0.000000 0.998627 -0.998627 0.000000 -0.052383
0.000000 2.460370 -6.420040 0.000000 -1.000000 0.000000 -0.052383 -0.000000 0.998627 -0.998627 0.000000 -0.052383
triangle
1.058940 1.928470 -6.420040 0.000000 -1.000000 0.000000 -0.101966 -0.000000 0.994788 -0.994788 0.000000 -0.101966
0.679283 3.239280 -6.420040 0.000000 -1.000000 0.000000 -0.101966 -0.000000 0.994788 -0.994788 0.000000 -0.101966
0.448055 2.673340 -6.420040 0.000000 -1.000000 0.000000 -0.101966 -0.000000 0.994788 -0.994788 0.000000 -0.101966
triangle
0.000000 2.460370 -6.853460 0.000000 0.000000 1.000000 -0.919897 -0.392159 0.000000 -0.392159 0.919897 -0.000000
0.000000 2.460370 -6.420040 0.000000 0.000000 1.000000 -0.919897 -0.392159 0.000000 -0.392159 0.919897 -0.000000
0.448055 2.673340 -6.420040 -0.660556 0.000000 0.750777 -0.724723 -0.261152 -0.637633 -0.196067 0.965298 -0.172506
triangle
0.448055 2.673340 -6.420040 -0.660556 0.000000 0.750777 -0.631022 -0.541825 -0.555192 -0.406789 0.840492 -0.357905
0.448055 2.673340 -6.853460 -0.828065 0.000000 0.560632 -0.477161 -0.524983 -0.704777 -0.294322 0.851113 -0.434720
0.000000 2.460370 -6.853460 0.000000 0.000000 1.000000 -0.920257 -0.391315 0.000000 -0.391315 0.920257 -0.000000
triangle
0.448055 2.673340 -6.853460 -0.828065 0.000000 0.560632 -0.463791 0.561813 -0.685029 -0.314970 -0.827264 -0.465217
0.448055 2.673340 -6.420040 -0.660556 0.000000 0.750777 -0.630937 0.541999 -0.555117 -0.406921 -0.840379 -0.358021
0.679283 3.239280 -6.420040 -0.925715 0.000000 0.378223 -0.291323 0.637751 -0.713025 -0.241212 -0.770243 -0.590376
triangle
0.679283 3.239280 -6.420040 -0.925715 0.000000 0.378223 -0.367534 0.236053 -0.899554 0.089280 0.971740 0.218517
0.679283 3.239280 -6.853460 -0.925715 0.000000 0.378223 -0.367534 0.236053 -0.899554 0.089280 0.971740 0.218517
0.448055 2.673340 -6.853460 -0.828065 0.000000 0.560632 -0.503801 0.438706 -0.744125 0.245953 0.898631 0.363277
triangle
-0.679283 3.239280 -6.853460 0.925715 0.000000 0.378223 0.377555 0.059389 -0.924081 0.022462 -0.998235 -0.054977
-0.679283 3.239280 -6.420040 0.925715 0.000000 0.378223 0.377555 0.059389 -0.924081 0.022462 -0.998235 -0.054977
-0.448054 2.673340 -6.420040 0.753658 0.000000 0.657267 0.530256 0.590881 -0.608020 0.388367 -0.806758 -0.445322
triangle
-0.448054 2.673340 -6.420040 0.753658 0.000000 0.657267 -0.559195 -0.525507 0.641204 0.345399 -0.850789 -0.396053
-0.448054 2.673340 -6.853460 0.753658 0.000000 0.657267 -0.559195 -0.525507 0.641204 0.345399 -0.850789 -0.396053
-0.679283 3.239280 -6.853460 0.925715 0.000000 0.378223 -0.269525 -0.701562 0.659672 0.265347 -0.712609 -0.649446
triangle
0.000000 2.460370 -6.853460 0.000000 0.000000 1.000000 -0.012071 -0.999927 0.000000 -0.999927 0.012071 0.000000
-0.448054 2.673340 -6.853460 0.753658 0.000000 0.657267 0.556299 -0.532576 -0.637883 -0.350045 -0.846382 0.401380
-0.448054 2.673340 -6.420040 0.753658 0.000000 0.657267 0.556299 -0.532576 -0.637883 -0.350045 -0.846382 0.401380
triangle
-0.448054 2.673340 -6.420040 0.753658 0.000000 0.657267 0.623182 -0.317848 -0.714574 -0.208911 -0.948142 0.239549
0.000000 2.460370 -6.420040 0.000000 0.000000 1.000000 -0.071801 0.997419 -0.000000 -0.997419 -0.071801 0.000000
0.000000 2.460370 -6.853460 0.000000 0.000000 1.000000 -0.071801 0.997419 -0.000000 -0.997419 -0.071801 0.000000
triangle
0.955015 0.318254 -6.429520 0.998728 0.000000 0.050421 0.033478 -0.747760 -0.663125 -0.037702 -0.663970 0.746809
0.827067 1.000410 -5.499570 0.918348 0.000000 0.395774 0.192863 -0.873231 -0.447517 -0.345602 -0.487306 0.801930
0.955015 0.318254 -5.499570 0.999779 -0.010364 0.018290 0.005248 -0.719438 -0.694537 -0.020357 -0.694480 0.719224
triangle
0.955015 0.318254 -6.429520 0.998728 0.000000 0.050421 0.019664 -0.920819 -0.389494 -0.046428 -0.389990 0.919648
0.827067 1.000410 -6.429520 0.907902 -0.021460 0.418632 0.242963 -0.786883 -0.567260 -0.341588 -0.616728 0.709199
0.827067 1.000410 -5.499570 0.918348 0.000000 0.395774 0.221377 -0.828930 -0.513680 -0.328069 -0.559352 0.761246
triangle
0.827067 -0.851813 -6.429520 0.973792 -0.086963 -0.210159 0.209093 -0.021296 0.977664 -0.089496 -0.995984 -0.002555
0.955015 0.318254 -6.429520 0.998728 0.000000 0.050421 0.009740 0.981162 -0.192940 0.049471 -0.193186 -0.979914
0.955015 0.318254 -5.499570 0.999779 -0.010364 0.018290 0.013249 0.986130 -0.165446 0.016322 -0.165652 -0.986049
triangle
0.827067 1.000410 -6.429520 0.907902 -0.021460 0.418632 0.322763 -0.601438 -0.730819 -0.267465 -0.798632 0.539120
0.477508 1.499780 -5.499570 0.625690 -0.021204 0.779784 0.547903 -0.699599 -0.458655 -0.555261 -0.714221 0.426114
0.827067 1.000410 -5.499570 0.918348 0.000000 0.395774 0.317966 -0.595435 -0.737804 -0.235658 -0.803403 0.546817
triangle
0.955015 0.318254 -5.499570 0.999779 -0.010364 0.018290 -0.020739 -0.343970 0.938752 -0.003438 -0.938924 -0.344109
0.827067 1.000410 -5.499570 0.918348 0.000000 0.395774 0.153111 -0.922136 -0.355276 -0.364958 -0.386865 0.846842
0.827068 1.000410 -3.708600 0.918514 0.000000 0.395389 0.152935 -0.922166 -0.355277 -0.364614 -0.386796 0.847022
triangle
0.827067 1.000410 -5.499570 0.918348 0.000000 0.395774 0.342734 -0.500070 -0.795275 -0.197915 -0.865985 0.459239
0.477508 1.499780 -3.708600 0.611465 0.000000 0.791271 0.586822 -0.670821 -0.453475 -0.530801 -0.741619 0.410184
0.827068 1.000410 -3.708600 0.918514 0.000000 0.395389 0.342441 -0.499896 -0.795511 -0.197653 -0.866085 0.459161
triangle
0.827067 1.000410 -5.499570 0.918348 0.000000 0.395774 0.296714 -0.661772 -0.688490 -0.261912 -0.749705 0.607737
0.477508 1.499780 -5.499570 0.625690 -0.021204 0.779784 0.585599 -0.647633 -0.487488 -0.515351 -0.761657 0.392801
0.477508 1.499780 -3.708600 0.611465 0.000000 0.791271 0.600082 -0.651816 -0.463721 -0.515763 -0.758377 0.398563
triangle
0.827067 1.000410 -6.429520 0.907902 -0.021460 0.418632 0.350014 -0.510727 -0.785269 -0.230659 -0.859475 0.456179
0.477508 1.612570 -6.429520 0.645074 -0.132924 0.752469 0.582968 -0.551015 -0.597102 -0.493991 -0.823841 0.277955
0.477508 1.499780 -5.499570 0.625690 -0.021204 0.779784 0.682705 -0.468731 -0.560540 -0.377394 -0.883087 0.278804
triangle
0.477508 1.612570 -6.429520 0.645074 -0.132924 0.752469 0.592879 -0.534173 -0.602623 -0.482052 -0.834860 0.265773
0.000000 1.682560 -5.499570 -0.006800 -0.075696 0.997108 -0.909993 0.413856 0.025212 0.414567 0.907190 0.071697
0.477508 1.499780 -5.499570 0.625690 -0.021204 0.779784 0.691981 -0.446371 -0.567376 -0.360104 -0.894597 0.264617
triangle
0.477508 1.499780 -5.499570 0.625690 -0.021204 0.779784 0.764010 -0.185149 -0.618068 -0.157482 -0.982482 0.099646
0.000000 1.682560 -3.708600 -0.039611 0.000000 0.999215 -0.206653 0.978380 -0.008192 -0.977612 -0.206816 -0.038754
0.477508 1.499780 -3.708600 0.611465 0.000000 0.791271 0.777243 -0.187465 -0.600625 -0.148336 -0.982271 0.114628
triangle
0.477508 1.499780 -5.499570 0.625690 -0.021204 0.779784 0.596506 -0.631167 -0.495792 -0.502686 -0.775357 0.382266
0.000000 1.682560 -5.499570 -0.006800 -0.075696 0.997108 -0.980464 0.196524 0.008232 -0.196579 -0.977573 -0.075554
0.000000 1.682560 -3.708600 -0.039611 0.000000 0.999215 -0.090476 -0.995892 -0.003587 -0.995111 0.090547 -0.039448
triangle
0.827068 1.000410 -3.708600 0.918514 0.000000 0.395389 -0.314098 -0.607390 0.729671 0.240155 -0.794404 -0.557896
0.477508 1.499780 -3.708600 0.611465 0.000000 0.791271 0.474353 -0.800388 -0.366562 -0.633324 -0.599482 0.489410
0.477508 1.499780 -0.303197 0.634366 -0.013636 0.772912 0.455167 -0.801559 -0.387719 -0.624822 -0.597760 0.502275
triangle
0.477508 1.499780 -3.708600 0.611465 0.000000 0.791271 0.313725 0.918042 -0.242435 0.726421 -0.396482 -0.561351
0.000000 1.682560 -0.303197 -0.028123 -0.015519 0.999484 -0.832446 0.553908 -0.014822 -0.553392 -0.832434 -0.028496
0.477508 1.499780 -0.303197 0.634366 -0.013636 0.772912 0.333598 0.906780 -0.257803 0.697346 -0.421383 -0.579780
triangle
0.477508 1.499780 -3.708600 0.611465 0.000000 0.791271 -0.447271 -0.824915 0.345635 0.652732 -0.565257 -0.504407
0.000000 1.682560 -3.708600 -0.039611 0.000000 0.999215 -0.135569 -0.990753 -0.005374 -0.989976 0.135676 -0.039244
0.000000 1.682560 -0.303197 -0.028123 -0.015519 0.999484 -0.983298 0.180297 -0.024868 -0.179818 -0.983490 -0.020330
triangle
0.827068 1.000410 -3.708600 0.918514 0.000000 0.395389 0.359833 0.414445 -0.835916 0.163867 -0.910075 -0.380673
0.477508 1.499780 -0.303197 0.634366 -0.013636 0.772912 0.341509 0.901928 -0.264381 0.693506 -0.431671 -0.576809
0.827067 1.000410 -0.303197 0.917544 -0.003531 0.397618 0.362958 0.415838 -0.833870 0.162401 -0.909432 -0.382832
triangle
0.827067 1.000410 -0.303197 0.917544 -0.003531 0.397618 0.033207 -0.995787 -0.085470 0.396245 0.091626 -0.913562
0.477508 1.499780 -0.303197 0.634366 -0.013636 0.772912 -0.190987 -0.971613 0.139611 0.749068 -0.236181 -0.618963
0.477508 1.357240 3.988420 0.624040 0.061570 0.778963 -0.109948 -0.980054 0.165545 0.773618 -0.188953 -0.604823
triangle
0.477508 1.499780 -0.303197 0.634366 -0.013636 0.772912 0.383655 -0.862464 -0.330099 -0.671110 -0.505935 0.541887
0.000000 1.574560 3.988420 0.019913 0.070671 0.997301 -0.944792 0.327641 -0.004353 0.327065 0.942155 -0.073294
0.477508 1.357240 3.988420 0.624040 0.061570 0.778963 0.725773 0.323709 -0.607014 0.289531 -0.944151 -0.157322
triangle
0.477508 1.499780 -0.303197 0.634366 -0.013636 0.772912 -0.000984 -0.999858 -0.016832 0.773032 0.009917 -0.634290
0.000000 1.682560 -0.303197 -0.028123 -0.015519 0.999484 -0.161461 -0.986679 -0.019863 -0.986478 0.161936 -0.025242
0.000000 1.574560 3.988420 0.019913 0.070671 0.997301 -0.983450 0.181053 0.006806 0.180084 0.980931 -0.073107
triangle
0.955015 0.318255 -3.708600 0.999838 0.001917 0.017909 0.017929 -0.011335 -0.999775 0.001714 -0.999934 0.011367
0.827067 1.000410 -0.303197 0.917544 -0.003531 0.397618 0.061242 0.989284 -0.132538 0.392889 -0.145960 -0.907928
0.955015 0.318255 -0.303197 0.999982 0.001390 0.005880 0.005899 -0.013583 -0.999890 0.001309 -0.999907 0.013591
triangle
0.955015 0.318255 -3.708600 0.999838 0.001917 0.017909 -0.015817 -0.382146 0.923967 0.008615 -0.924100 -0.382054
0.827068 1.000410 -3.708600 0.918514 0.000000 0.395389 -0.377432 -0.297944 0.876798 0.117804 -0.954583 -0.273666
0.827067 1.000410 -0.303197 0.917544 -0.003531 0.397618 -0.380424 -0.298795 0.875214 0.115716 -0.954311 -0.275501
triangle
0.955015 0.318255 -0.303197 0.999982 0.001390 0.005880 0.005894 -0.010094 -0.999932 0.001330 -0.999948 0.010102
0.827067 1.000410 -0.303197 0.917544 -0.003531 0.397618 -0.022785 -0.998784 0.043709 0.396980 -0.049164 -0.916509
0.827067 1.000410 3.988420 0.940021 0.007538 0.341034 -0.003119 -0.999524 0.030691 0.341103 -0.029914 -0.939550
triangle
0.827067 1.000410 -0.303197 0.917544 -0.003531 0.397618 0.169057 -0.901619 -0.398123 0.359906 0.432516 -0.826679
0.477508 1.357240 3.988420 0.624040 0.061570 0.778963 0.754111 0.213662 -0.621019 0.204671 -0.974966 -0.086903
0.827067 1.000410 3.988420 0.940021 0.007538 0.341034 0.171488 -0.874678 -0.453354 0.294877 0.484646 -0.823508
triangle
0.827067 1.000410 3.988420 0.940021 0.007538 0.341034 0.305101 0.428546 -0.850448 0.152559 -0.903489 -0.400542
0.477508 1.357240 3.988420 0.624040 0.061570 0.778963 0.738395 0.279665 -0.613645 0.255630 -0.958122 -0.129059
0.477508 1.938260 6.437590 0.826935 0.078575 0.556780 0.478775 0.420878 -0.770478 0.294877 -0.903708 -0.310419
triangle
0.477508 1.357240 3.988420 0.624040 0.061570 0.778963 0.731235 0.305393 -0.609943 0.275444 -0.950234 -0.145556
0.000000 2.179820 6.437590 0.145817 0.234358 0.961152 -0.865793 -0.439855 0.238600 -0.478685 0.866951 -0.138767
0.477508 1.938260 6.437590 0.826935 0.078575 0.556780 0.483986 0.404605 -0.775920 0.286244 -0.911110 -0.296553
triangle
0.477508 1.357240 3.988420 0.624040 0.061570 0.778963 0.746297 0.248447 -0.617508 0.231551 -0.966687 -0.109092
0.000000 1.574560 3.988420 0.019913 0.070671 0.997301 -0.948502 0.316752 -0.003507 -0.316145 -0.945872 0.073339
0.000000 2.179820 6.437590 0.145817 0.234358 0.961152 -0.230766 0.952794 -0.197310 -0.962021 -0.193030 0.193015
triangle
0.955015 0.318255 -0.303197 0.999982 0.001390 0.005880 0.005100 -0.716094 -0.697985 0.003241 0.698003 -0.716088
0.827067 1.000410 3.988420 0.940021 0.007538 0.341034 0.104039 -0.958457 -0.265588 0.324864 0.285139 -0.901753
0.955015 0.318255 3.988420 0.999749 -0.008192 -0.020861 -0.020930 -0.674084 -0.738358 -0.008014 0.738609 -0.674086
triangle
0.955015 0.318255 3.988420 0.999749 -0.008192 -0.020861 -0.002939 0.874857 -0.484373 -0.022218 -0.484313 -0.874613
0.827067 1.000410 3.988420 0.940021 0.007538 0.341034 0.162444 0.869223 -0.466972 0.299955 -0.494362 -0.815864
0.827067 0.789112 6.437590 0.966969 -0.017303 0.254308 0.147567 0.851497 -0.503167 0.207836 -0.524074 -0.825924
triangle
0.827067 1.000410 3.988420 0.940021 0.007538 0.341034 0.283535 0.538578 -0.793436 0.189654 -0.842542 -0.504137
0.477508 1.938260 6.437590 0.826935 0.078575 0.556780 0.456934 0.483173 -0.746830 0.327704 -0.871992 -0.363649
0.827067 0.789112 6.437590 0.966969 -0.017303 0.254308 0.219291 0.565058 -0.795375 0.129936 -0.824870 -0.550188
triangle
0.827068 -0.746158 -0.303197 0.953316 -0.006779 -0.301898 0.295263 -0.188675 0.936601 -0.063310 -0.982016 -0.177866
0.955015 0.318255 3.988420 0.999749 -0.008192 -0.020861 0.015868 -0.398605 0.916985 -0.015827 -0.917086 -0.398375
0.827067 -0.094261 4.344190 0.919412 -0.035013 -0.391733 0.383079 -0.145814 0.912134 -0.089057 -0.988692 -0.120651
triangle
0.827068 -0.746158 -0.303197 0.953316 -0.006779 -0.301898 0.301813 0.054020 0.951835 0.009856 -0.998517 0.053544
0.955015 0.318255 -0.303197 0.999982 0.001390 0.005880 0.005951 -0.394641 -0.918816 0.001044 0.918834 -0.394643
0.955015 0.318255 3.988420 0.999749 -0.008192 -0.020861 -0.022353 -0.297237 -0.954542 0.001619 0.954769 -0.297346
triangle
0.955015 0.318255 3.988420 0.999749 -0.008192 -0.020861 -0.003756 0.856413 -0.516277 -0.022095 -0.516226 -0.856167
0.827067 0.789112 6.437590 0.966969 -0.017303 0.254308 0.159470 0.819390 -0.550608 0.198850 -0.572975 -0.795084
0.955015 0.318255 6.437590 0.996553 0.003659 -0.082882 -0.044185 0.868956 -0.492913 -0.070217 -0.494876 -0.866122
triangle
0.827067 -0.094261 4.344190 0.919412 -0.035013 -0.391733 -0.241410 -0.836557 -0.491827 0.310487 -0.546760 0.777593
0.955015 0.318255 3.988420 0.999749 -0.008192 -0.020861 -0.018073 -0.845109 -0.534289 0.013253 -0.534532 0.845044
0.955015 0.318255 6.437590 0.996553 0.003659 -0.082882 -0.042242 -0.837449 -0.544880 0.071403 -0.546503 0.834408
triangle
0.477508 -1.393460 -0.303197 0.765501 -0.025047 -0.642948 0.614916 -0.265717 0.742477 -0.189439 -0.963726 -0.188005
0.827067 -0.094261 4.344190 0.919412 -0.035013 -0.391733 0.363470 -0.304829 0.880323 -0.150235 -0.951763 -0.267538
0.477508 -0.779968 5.007010 0.771752 -0.014673 -0.635755 0.609615 -0.267511 0.746195 -0.181021 -0.963443 -0.197507
triangle
0.477508 -1.393460 -0.303197 0.765501 -0.025047 -0.642948 -0.422084 0.734654 -0.531157 -0.485648 -0.677979 -0.551806
0.827068 -0.746158 -0.303197 0.953316 -0.006779 -0.301898 -0.299868 0.096625 -0.949075 -0.035605 -0.995298 -0.090082
0.827067 -0.094261 4.344190 0.919412 -0.035013 -0.391733 -0.373715 0.232583 -0.897910 -0.122549 -0.971946 -0.200755
triangle
0.477508 -0.779968 5.007010 0.771752 -0.014673 -0.635755 -0.467359 -0.691050 -0.551384 0.431248 -0.722658 0.540177
0.827067 -0.094261 4.344190 0.919412 -0.035013 -0.391733 -0.305696 -0.690289 -0.655782 0.247448 -0.722686 0.645364
0.827067 -0.186667 6.437590 0.940482 0.060902 -0.334343 -0.200925 -0.693804 -0.691567 0.274087 -0.717584 0.640274
triangle
0.827067 -0.094261 4.344190 0.919412 -0.035013 -0.391733 -0.203112 -0.895196 -0.396698 0.336788 -0.444295 0.830166
0.955015 0.318255 6.437590 0.996553 0.003659 -0.082882 -0.040549 -0.850089 -0.525075 0.072378 -0.526626 0.847010
0.827067 -0.186667 6.437590 0.940482 0.060902 -0.334343 -0.124532 -0.853620 -0.505792 0.316206 -0.517324 0.795229
triangle
0.477508 -1.147780 -3.708600 0.740885 0.051495 -0.669655 0.061344 -0.998077 -0.008880 -0.668825 -0.034500 -0.742619
0.827068 -0.746158 -0.303197 0.953316 -0.006779 -0.301898 -0.301846 0.007780 -0.953325 -0.008812 -0.999947 -0.005371
0.477508 -1.393460 -0.303197 0.765501 -0.025047 -0.642948 -0.021511 -0.999680 0.013332 -0.643076 0.003625 -0.765794
triangle
0.477508 -1.147780 -3.708600 0.740885 0.051495 -0.669655 -0.173786 -0.948402 -0.265201 -0.648759 0.312860 -0.693708
0.827068 -0.536743 -3.708600 0.961379 0.017850 -0.274650 -0.187793 -0.686977 -0.701995 -0.201209 0.726460 -0.657093
0.827068 -0.746158 -0.303197 0.953316 -0.006779 -0.301898 -0.222155 -0.692909 -0.685948 -0.204538 0.720994 -0.662067
triangle
0.827068 -0.536743 -3.708600 0.961379 0.017850 -0.274650 0.275008 -0.022303 0.961183 0.011032 -0.999592 -0.026350
0.955015 0.318255 -0.303197 0.999982 0.001390 0.005880 0.006042 -0.214387 -0.976730 -0.000097 0.976748 -0.214391
0.827068 -0.746158 -0.303197 0.953316 -0.006779 -0.301898 0.300420 -0.080022 0.950444 -0.030602 -0.996770 -0.074250
triangle
0.000000 -1.400110 -3.708600 0.077958 0.083897 -0.993420 0.264822 -0.962398 -0.060496 -0.961141 -0.258363 -0.097244
0.477508 -1.393460 -0.303197 0.765501 -0.025047 -0.642948 -0.180077 -0.967650 -0.176706 -0.617723 0.251048 -0.745247
0.000000 -1.661130 -0.303197 0.067760 -0.037090 -0.997012 -0.969879 -0.236799 -0.057107 0.233974 -0.970850 0.052018
triangle
0.000000 -1.400110 -3.708600 0.077958 0.083897 -0.993420 -0.075000 -0.993136 -0.089759 0.994132 -0.081504 0.071130
0.477508 -1.147780 -3.708600 0.740885 0.051495 -0.669655 -0.644350 0.335787 -0.687067 -0.189481 -0.940529 -0.281960
0.477508 -1.393460 -0.303197 0.765501 -0.025047 -0.642948 -0.571291 0.433277 -0.697064 -0.296033 -0.900913 -0.317365
triangle
0.000000 -1.661130 -0.303197 0.067760 -0.037090 -0.997012 -0.282659 0.957652 -0.054836 -0.956824 -0.285530 -0.054407
0.477508 -1.393460 -0.303197 0.765501 -0.025047 -0.642948 -0.312141 0.859331 -0.405114 -0.562652 -0.510805 -0.650001
0.477508 -0.779968 5.007010 0.771752 -0.014673 -0.635755 -0.321027 0.854005 -0.409410 -0.548945 -0.520057 -0.654369
triangle
0.000000 -1.193980 -5.499570 0.035677 -0.252296 -0.966992 -0.599448 -0.779612 0.181291 -0.799618 0.573194 -0.179053
0.477508 -1.147780 -3.708600 0.740885 0.051495 -0.669655 -0.636673 0.371330 -0.675841 -0.213861 -0.927072 -0.307898
0.000000 -1.400110 -3.708600 0.077958 0.083897 -0.993420 -0.981077 -0.170687 -0.091404 0.177232 -0.981747 -0.069003
triangle
0.000000 -1.193980 -5.499570 0.035677 -0.252296 -0.966992 -0.918724 0.372508 -0.131086 0.393285 0.893076 -0.218501
0.477508 -1.011200 -5.499570 0.727860 -0.185522 -0.660152 -0.283946 0.794753 -0.536417 -0.624175 -0.577884 -0.525791
0.477508 -1.147780 -3.708600 0.740885 0.051495 -0.669655 -0.583623 0.542783 -0.603963 -0.332376 -0.838293 -0.432193
triangle
0.477508 -1.011200 -5.499570 0.727860 -0.185522 -0.660152 -0.225367 0.844509 -0.485813 -0.647633 -0.502381 -0.572874
0.827068 -0.536743 -3.708600 0.961379 0.017850 -0.274650 -0.218383 0.656816 -0.721735 -0.167511 -0.753839 -0.635347
0.477508 -1.147780 -3.708600 0.740885 0.051495 -0.669655 -0.617402 0.444717 -0.648877 -0.264393 -0.894190 -0.361277
triangle
0.477508 -1.011200 -5.499570 0.727860 -0.185522 -0.660152 -0.304147 0.775487 -0.553276 -0.614585 -0.603491 -0.508020
0.827068 -0.363898 -5.499570 0.953744 -0.067629 -0.292914 -0.148222 0.741909 -0.653912 -0.261539 -0.667081 -0.697568
0.827068 -0.536743 -3.708600 0.961379 0.017850 -0.274650 -0.205516 0.710308 -0.673221 -0.183069 -0.703665 -0.686543
triangle
0.827068 -0.363898 -5.499570 0.953744 -0.067629 -0.292914 -0.299280 -0.121706 -0.946372 0.028353 0.990260 -0.136316
0.955015 0.318255 -3.708600 0.999838 0.001917 0.017909 0.017795 -0.258601 -0.965820 0.002779 0.965982 -0.258594
0.827068 -0.536743 -3.708600 0.961379 0.017850 -0.274650 -0.260904 -0.258641 -0.930072 -0.087638 0.965809 -0.243995
triangle
0.827068 -0.536743 -3.708600 0.961379 0.017850 -0.274650 0.246871 -0.497101 0.831833 -0.121680 -0.867509 -0.482309
0.955015 0.318255 -3.708600 0.999838 0.001917 0.017909 -0.017776 -0.055171 0.998319 0.002902 -0.998475 -0.055128
0.955015 0.318255 -0.303197 0.999982 0.001390 0.005880 -0.005787 -0.059839 0.998191 0.001739 -0.998207 -0.059830
triangle
0.477508 -1.805020 -6.429520 0.794821 -0.365931 -0.484102 -0.435983 0.210558 -0.874977 -0.422113 -0.906510 -0.007816
0.827068 -0.363898 -5.499570 0.953744 -0.067629 -0.292914 -0.165607 -0.931386 -0.324183 -0.250892 0.357696 -0.899504
0.477508 -1.011200 -5.499570 0.727860 -0.185522 -0.660152 -0.336188 -0.935612 -0.107735 -0.597659 0.300352 -0.743365
triangle
0.477508 -1.805020 -6.429520 0.794821 -0.365931 -0.484102 0.507457 -0.036684 0.860896 -0.332787 -0.929919 0.156537
0.827067 -0.851813 -6.429520 0.973792 -0.086963 -0.210159 -0.227426 -0.361805 -0.904088 0.002586 0.928189 -0.372100
0.827068 -0.363898 -5.499570 0.953744 -0.067629 -0.292914 -0.297175 -0.359178 -0.884691 -0.045378 0.930816 -0.362661
triangle
0.827067 -0.851813 -6.429520 0.973792 -0.086963 -0.210159 -0.200653 0.106579 -0.973848 -0.107087 -0.990494 -0.086336
0.955015 0.318254 -5.499570 0.999779 -0.010364 0.018290 0.020323 0.253961 -0.967001 -0.005377 -0.967159 -0.254115
0.827068 -0.363898 -5.499570 0.953744 -0.067629 -0.292914 -0.284798 0.108675 -0.952408 -0.096243 -0.991774 -0.084388
triangle
0.827068 -0.363898 -5.499570 0.953744 -0.067629 -0.292914 0.295413 0.030274 0.954890 -0.055710 -0.997251 0.048852
0.955015 0.318254 -5.499570 0.999779 -0.010364 0.018290 0.014069 0.976344 -0.215764 0.015621 -0.215973 -0.976274
0.955015 0.318255 -3.708600 0.999838 0.001917 0.017909 0.002327 0.972234 -0.234000 0.017860 -0.234004 -0.972072
triangle
0.955015 0.318254 -5.499570 0.999779 -0.010364 0.018290 0.006563 -0.672654 -0.739928 -0.019972 -0.739885 0.672437
0.827068 1.000410 -3.708600 0.918514 0.000000 0.395389 0.193156 -0.872552 -0.448714 -0.344997 -0.488522 0.801451
0.955015 0.318255 -3.708600 0.999838 0.001917 0.017909 0.014251 -0.692252 -0.721515 -0.011014 -0.721653 0.692167
triangle
0.000000 -2.136350 -6.429520 0.091652 -0.689661 -0.718309 -0.966426 -0.235490 0.102787 -0.240043 0.684772 -0.688090
0.477508 -1.805020 -6.429520 0.794821 -0.365931 -0.484102 -0.433942 0.214928 -0.874929 -0.424211 -0.905484 -0.012037
0.477508 -1.011200 -5.499570 0.727860 -0.185522 -0.660152 -0.665899 0.038596 -0.745043 -0.163701 -0.981882 0.095446
triangle
0.000000 -2.136350 -6.429520 0.091652 -0.689661 -0.718309 0.084950 -0.713300 0.695691 -0.992161 -0.124782 -0.006789
0.477508 -1.011200 -5.499570 0.727860 -0.185522 -0.660152 -0.681018 -0.082953 -0.727553 0.080216 0.979132 -0.186722
0.000000 -1.193980 -5.499570 0.035677 -0.252296 -0.966992 0.863591 -0.479166 0.156880 -0.502930 -0.840682 0.200785
triangle
0.000000 -1.661130 -0.303197 0.067760 -0.037090 -0.997012 0.474510 -0.877854 0.064907 -0.877638 -0.477490 -0.041884
0.477508 -0.779968 5.007010 0.771752 -0.014673 -0.635755 -0.449796 -0.719309 -0.529413 0.449536 -0.694535 0.561728
0.000000 -1.095470 5.066220 -0.087797 0.017738 -0.995980 0.934770 0.346981 -0.076222 0.344235 -0.937704 -0.047045
triangle
0.000000 -1.095470 5.066220 -0.087797 0.017738 -0.995980 -0.788986 -0.611604 0.058658 0.608106 -0.790965 -0.067693
0.477508 -1.433640 6.428870 0.804497 0.261472 -0.533307 -0.405360 -0.414574 -0.814747 0.434129 -0.871643 0.227533
0.000000 -1.820210 6.390940 -0.184120 0.451112 -0.873269 -0.713650 -0.672283 -0.196821 0.675872 -0.586970 -0.445717
triangle
0.000000 -1.095470 5.066220 -0.087797 0.017738 -0.995980 -0.824555 -0.562301 0.062671 0.558929 -0.826743 -0.063995
0.477508 -0.779968 5.007010 0.771752 -0.014673 -0.635755 0.204126 -0.941114 0.269513 -0.602272 -0.337771 -0.723311
0.477508 -1.433640 6.428870 0.804497 0.261472 -0.533307 0.480321 -0.814581 0.325191 -0.349393 -0.517774 -0.780919
triangle
0.477508 -0.779968 5.007010 0.771752 -0.014673 -0.635755 0.605029 -0.290879 0.741167 -0.195803 -0.956647 -0.215609
0.827067 -0.186667 6.437590 0.940482 0.060902 -0.334343 0.307833 -0.569502 0.762173 -0.143991 -0.819731 -0.554353
0.477508 -1.433640 6.428870 0.804497 0.261472 -0.533307 0.588993 -0.467033 0.659520 -0.076626 -0.844697 -0.529732
triangle
0.477508 1.612570 -6.429520 0.645074 -0.132924 0.752469 0.618562 -0.487317 -0.616363 -0.448621 -0.863049 0.232134
0.000000 1.936010 -6.429520 -0.123604 -0.215174 0.968722 0.039186 -0.976505 -0.211903 -0.991558 -0.011769 -0.129132
0.000000 1.682560 -5.499570 -0.006800 -0.075696 0.997108 -0.792527 0.608471 0.040787 0.609799 0.789957 0.064129
triangle
0.000000 1.936010 -6.429520 -0.123604 -0.215174 0.968722 -0.786074 -0.574577 -0.227925 -0.605649 0.789659 0.098123
-0.477507 1.499780 -5.499570 -0.675857 -0.047470 0.735502 -0.675047 -0.360707 -0.643585 -0.295852 0.931471 -0.211741
0.000000 1.682560 -5.499570 -0.006800 -0.075696 0.997108 -0.906906 -0.419611 -0.038040 -0.421277 0.904542 0.065796
triangle
0.000000 1.936010 -6.429520 -0.123604 -0.215174 0.968722 -0.804967 0.592615 0.028923 0.580302 0.776214 0.246457
